2.251759352898203594e-03
3.014644308254588734e-01
4.394686226011448177e-02
1.889276523124931439e-01
9.124449791886065156e-03
6.431853798216680129e-01
9.315385300296997739e-01
6.751647177073859529e-01
6.244991268707258403e-01
9.200208464724474178e-01
8.101644268501048129e-01
7.815395788773522590e-01
8.152184839685198137e-01
2.753273424467567732e-01
9.585843458735562317e-01
9.621065543275889587e-01
1.988262593440421472e-02
3.157667458940720540e-01
9.491774866595992233e-01
3.758692969527267502e-01
9.981938894556265929e-01
8.688645985743289613e-01
1.204311608268815309e-01
1.802516654206488544e-01
9.733086136267278254e-01
9.365954473045272621e-01
9.799888606925936108e-01
3.737630174075012163e-02
1.829838190148266042e-01
9.725582815199590447e-01
9.587637614374585615e-01
8.651806727010302733e-01
7.804713035166405133e-01
9.550902728373731332e-01
3.955247591209424263e-01
9.847809950547579128e-01
8.997968149798230009e-01
9.397064306975270176e-01
8.851273903381399188e-01
9.984261559859772817e-01
9.958232076545276978e-01
9.749306717665169320e-01
9.967179116746091028e-01
9.424131239164303953e-01
8.902602202974383427e-01
9.855304905624641121e-01
9.980269327602866447e-01
9.734782107467885304e-01
9.915129956005331868e-01
9.828678340737548869e-01
9.826811447348723361e-01
9.933397240411573348e-01
8.493295468794683778e-01
9.910483466114689000e-01
9.966590842335284472e-01
9.835617018751950935e-01
9.351738309309564068e-01
9.088821820804738882e-01
9.878726040252930884e-01
9.866473996931840462e-01
9.883922382211457469e-01
4.419683280851980922e-01
9.801778921404900036e-01
8.927709941467093513e-01
8.667225036466328358e-01
9.937942898685306892e-01
6.593454887218986541e-04
8.589573614001689839e-01
1.195312410830798450e-01
1.132325482710681425e-01
8.222928410330612170e-01
9.577656542426770114e-01
9.804548958098772138e-01
9.434707590043247549e-01
9.151911848410395622e-01
9.708574889844540090e-01
7.686284088901581546e-01
2.139383146533703206e-01
6.650110412626528689e-01
9.968084692989780393e-01
9.668415985973868310e-01
9.365057677771035927e-01
9.857107038998875748e-01
9.828387881622429045e-01
9.816858690885470473e-01
9.885000851537227851e-01
9.721990981970657364e-01
9.469289356924309731e-01
9.759130731960362626e-01
9.522788483694937245e-01
4.378985442767989733e-01
9.712712415398795374e-01
8.219121368037578534e-01
6.779746633664791577e-01
9.364221828401599890e-01
9.469877636904228124e-01
9.511914889238578530e-01
9.685090922274751657e-01
8.914936311269311409e-01
9.597590162120809287e-01
9.649894773892799815e-01
9.533003420390369076e-01
8.722566948300544132e-01
9.180073108698827422e-01
9.849896625718168597e-01
9.901863335363588758e-01
9.933752627364107468e-01
9.388176112622842462e-01
9.884149398993233859e-01
9.659819675079041046e-01
9.967082779299086814e-01
9.914486535127013944e-01
9.857468729949070418e-01
9.285863404298784207e-01
9.973881331839908881e-01
9.957564450800969746e-01
9.896873985660291639e-01
9.930912131309040936e-01
9.507597018969723424e-01
9.889364305976084957e-01
8.877540438048374671e-01
8.261247538482822117e-01
9.740163978482669904e-01
9.708330017602623263e-01
8.715155686311538696e-01
9.331620444419023164e-01
9.843418278080993122e-01
9.850047180442291772e-01
8.077364666527400150e-01
9.933099113438021988e-01
4.268490206728722813e-01
9.732001994133344658e-01
9.947495219710809078e-01
9.842524578907868582e-01
9.523961842775295894e-01
9.537321871497466130e-01
5.471511153072701195e-01
4.887716064071953581e-01
2.201546154098928121e-01
9.824152673506129918e-02
9.571589533764751634e-01
9.727830136902626545e-01
4.250619014334103274e-01
6.963501332064049310e-01
9.598757879214557809e-01
4.697139572882905179e-01
8.887594687274078531e-01
9.404141941059597221e-01
9.857881633052675285e-01
8.597139469354913022e-01
9.224113599504631944e-01
9.384011321067595723e-01
9.498979315632430920e-01
9.884369283097300674e-01
9.612448480362293379e-01
9.184184916139216392e-01
9.769376082151685070e-01
9.766726851200848714e-01
9.860861037444008659e-01
9.606459437349860186e-01
9.314024506153071314e-01
9.995484671430430179e-01
9.897536064398414490e-01
8.978163553347564552e-01
6.156279388367932315e-01
9.152284030500170697e-01
9.947723826784862222e-01
9.490786521757956784e-01
9.535075054935399086e-01
6.385135163902594391e-01
9.684097424645703445e-01
9.845833054935325679e-01
9.694253427870436202e-01
8.374808621875140524e-01
9.551431481233325638e-01
9.524228412677417932e-01
9.809596508765244804e-01
9.718012925778655164e-01
9.728367087508157374e-01
9.099606857473444554e-01
9.860515231876638698e-01
8.712029861347970749e-01
4.313568092930212261e-01
5.888469633421227201e-01
9.874608834583173955e-01
9.454063040637933346e-01
9.843510750820304578e-01
9.645227183951282646e-01
9.630832486235689771e-01
3.905863305744928377e-02
9.615561744404691469e-01
9.716837127666507756e-01
9.638333096516121801e-01
1.203823091997246741e-01
9.931876978774569764e-01
9.879140362636429362e-01
9.792725047579696751e-01
7.837657749489378434e-01
8.988584642271127967e-01
9.626289145564354000e-01
9.858400910287287155e-01
9.684368221635190066e-01
9.917715956194367299e-01
9.866042064892490693e-01
9.613779254331384916e-01
9.903414183597334386e-01
9.907131499155394927e-01
9.476286778384157561e-01
9.517865115390352626e-01
9.628380404904369749e-01
6.138620636112698259e-01
9.994541060836172885e-01
5.022401872843437198e-01
9.831637710030333155e-01
9.605999779767929736e-01
9.129059972464742545e-01
9.583820684095712972e-01
9.799560429511591231e-01
9.879683719742605730e-01
9.298133130651194955e-01
9.841557398558877789e-01
9.246058598608999368e-01
6.063202435013363978e-01
4.002997517178741131e-03
9.940212288950333042e-01
9.656119746947852134e-01
9.876480734277450768e-01
1.254653224560007274e-01
9.596220285543953787e-01
9.902781036439491924e-01
9.737941040859778852e-01
9.851321651487302544e-01
9.865458768835947412e-01
5.545630878400148456e-01
5.316840087463610143e-01
8.572422269223388680e-01
6.887297325283580074e-01
5.962505028140566848e-02
9.928885231839614800e-01
9.781059262956860456e-01
9.892928532065399239e-01
9.837284894141818947e-01
9.875617336774061839e-01
9.844901746460844594e-01
9.441294792926909762e-01
8.347625590703714460e-01
9.654995418984606559e-01
9.950950832481365582e-01
9.532484002704559867e-01
9.113845389242195560e-01
9.834424158347526701e-01
9.827605453615531061e-01
9.942849061418830292e-01
5.522477848920039900e-01
9.404886133367960088e-01
9.963074822250371776e-01
9.762510610968194724e-01
8.562593565528987538e-01
3.204368501062089258e-01
9.690304302687422489e-01
8.846917015883931645e-01
9.359721709752791829e-01
9.521502764467048019e-01
9.577508205504863259e-01
9.798996201494902802e-01
6.802368297412367815e-01
9.267384239056251083e-01
9.350411005380320217e-01
9.744811627400185028e-01
9.980902174679662231e-01
9.417383857949892523e-01
9.829651215529967567e-01
9.579172444806468567e-01
8.189559168236397735e-01
9.674105842131104360e-01
8.893992202079331610e-01
9.328464354779451018e-01
9.263239104093641263e-01
9.757330590962065564e-01
9.686170469856409948e-01
9.736169693366258926e-01
9.890383877010188174e-01
9.866750600890464851e-01
9.514329249890273177e-01
9.281140938463541268e-01
9.781714644169722250e-01
8.398238043067189906e-01
9.948541069260932179e-01
9.856974212124000045e-01
9.897015090630659762e-01
9.683435255961542198e-01
8.064535813847222290e-01
9.779095908679532601e-01
9.366825656306295711e-01
8.415169915337920026e-01
9.956150797466825075e-01
9.767957943926105502e-01
9.154455099281103569e-01
9.779653563449945963e-01
8.399700012757961298e-01
8.832481803563920764e-01
9.914534224824230746e-01
9.848048825897204317e-01
9.863290366276955545e-01
7.705576823285767984e-01
9.754155682127689797e-01
9.820510223051652776e-01
9.848788757266399019e-01
9.939432731153602374e-01
9.756075324070265786e-01
9.709530931804906118e-01
9.109950981774223022e-01
8.381616110391019170e-01
6.777043130848174612e-02
4.123680166045478046e-01
9.719338944495686805e-01
9.957109487024610184e-01
9.902808559695793766e-01
9.827853805903632445e-01
9.620023426222034102e-01
9.971989625914438049e-01
9.904269011467798922e-01
9.500242233636569944e-01
9.696186856617109440e-01
9.111307010338903778e-01
9.873782772250671025e-01
9.700469537055476099e-01
9.093266866637903512e-01
7.629415438614201017e-01
9.034668386953365049e-01
9.959818747446621545e-01
9.802825111718925788e-01
9.359121673677833764e-01
9.429044393464790508e-01
9.611974866402031026e-01
1.511116809711500475e-01
7.809390132850092536e-01
4.336871174544261187e-01
9.551216747581040556e-01
9.844725902719275723e-01
9.870841068571103438e-01
6.987700804843034463e-01
9.896632432344568686e-01
9.443672658716000257e-01
1.616059981665284584e-01
9.735970187805875753e-01
9.752784113837525970e-01
9.490799011266917162e-01
9.303970937538819097e-01
8.305235625872655625e-01
9.962679061460336660e-01
9.948379253911560083e-01
9.877193578164540355e-01
9.811031286585436550e-01
9.946513214588790230e-01
9.960149987385291670e-01
9.660804734209220701e-01
5.817071056956919506e-01
9.455900446445478780e-01
8.845822864652453932e-01
8.840905173225304114e-01
9.867506145546186547e-01
9.848102669960362432e-01
4.616945704374581655e-02
1.433912630998316062e-01
9.876960603286303320e-01
8.682240029074358434e-01
9.519380464712613454e-01
9.911396803777390296e-01
8.395516872148194309e-01
9.790217318795826351e-01
9.945189224733936850e-01
8.425201689764654223e-01
9.851967703240037677e-01
6.780571678326534624e-01
9.740821413618153679e-01
9.780232600844963597e-01
9.825603729894729632e-01
9.866562229732340761e-01
9.438916320987583708e-01
9.851005599124939005e-01
9.830565422971926370e-01
9.805213126738574481e-01
8.681977375904894600e-01
9.948036553003555271e-01
8.570656026243100856e-01
9.674837203007362607e-01
9.477676662367573446e-01
2.362912309705899050e-01
9.956217456222425932e-01
9.931514795698488385e-01
9.943713207669138132e-01
9.961749006942681728e-01
8.956826208807752154e-01
9.846665986605356302e-01
9.951572218312034757e-01
9.891724948803549688e-01
9.660093312910398300e-01
9.988392711994176221e-01
9.965865502006401311e-01
9.905833775566164068e-01
8.766843154855642473e-01
9.964924889146955511e-01
1.483440850190748672e-01
7.126941452945547706e-01
9.784475572980891878e-01
9.588293515145049906e-01
9.899823917142045460e-01
9.925577783817360888e-01
9.384510332621101014e-01
9.849305484508213970e-01
9.872115214294376884e-01
9.750893404461186131e-01
9.933783960785917966e-01
9.600809061892167096e-01
9.206180015890352841e-01
9.292631872939055571e-01
3.899254362932923490e-01
9.386706452613439167e-01
9.646217004945694118e-01
9.136331805360562441e-01
9.766275238665751424e-01
1.244143027856930150e-01
6.127437590025374137e-01
9.891799552779185767e-01
9.899095735248139016e-01
9.766100234042242034e-01
9.200226231320153270e-01
9.743392746672090432e-01
1.111078394561253180e-01
9.398667134671960799e-01
8.118010661366350522e-01
3.221948084623833530e-01
6.562798918918126834e-01
5.868547504782203328e-01
8.866697629823000470e-01
9.195342216660066237e-01
6.773505309791876261e-01
7.258839151479281604e-01
8.075248233886286320e-01
7.543100929475702321e-01
8.331438641827413338e-01
2.330858883278279781e-01
1.353948956854903463e-01
8.559119781641664204e-01
8.998102633921256643e-02
8.886771643275244159e-01
6.103503104160024062e-01
9.712505145987909705e-01
5.504221241270254028e-01
9.933088513258309105e-01
9.181406924233371791e-01
9.231386010447305557e-01
9.538839911495179402e-01
9.448632619574101055e-01
5.296822217790085885e-01
2.165246906065760590e-01
1.629988104222840073e-01
2.342467237969009797e-01
8.562822901060804792e-01
9.361547083684338411e-01
3.343479812328327694e-01
9.941887338930954776e-01
9.985744539170933187e-01
9.972907410504350256e-01
8.439748069648093098e-01
9.401924924903166669e-01
8.747163980067608202e-01
7.009261806096779290e-01
7.981315117052312225e-01
9.938115932698329269e-01
9.611013778742923952e-01
9.862847021538042602e-01
7.761779003713795144e-02
9.213116188965030373e-01
9.697124957406776380e-01
9.569446577905794671e-01
3.773749293113515951e-02
9.700566616873569359e-01
8.012932947161747199e-01
9.738408318039502021e-01
9.296266306170229976e-01
9.941218557405984146e-01
9.660530341943256438e-01
9.667287394178378790e-01
9.626074201409622333e-01
6.415234627163455272e-01
1.952602859843543814e-01
6.805006032708800223e-01
9.435857015780246826e-01
7.312601418524752317e-01
6.919917517398458395e-01
5.013484053520179673e-01
5.433684388477926230e-01
1.837629135489607934e-01
9.607686488760754928e-01
6.842312988425751641e-01
8.662634311794147335e-01
2.469800528780912163e-01
8.882710530800353999e-01
8.545092539839486134e-01
9.853267183404972318e-01
8.402458376527864869e-01
8.139529369741023146e-01
8.087269034836958026e-02
9.758950014104907922e-01
9.253119616078988585e-01
9.298725747764299276e-01
9.825739129024644303e-01
9.855952803913972105e-01
8.979735844906535647e-01
9.359835060480280466e-01
7.310707172533672527e-01
9.684138723222036615e-01
7.598505837340117086e-01
6.642152203873542549e-01
3.398473768047233223e-02
8.981214527155421123e-01
9.880646469106239005e-01
9.803240947269568073e-01
9.950894012358594276e-01
9.483510522532319076e-01
5.024431142321617028e-01
9.955956318504731728e-01
9.378715186204578114e-01
4.845175606937566215e-01
9.217822652576874720e-01
7.360937013259892803e-01
9.366943378344414484e-01
9.502689257097216569e-01
9.326947294066783023e-01
6.674496087390402455e-02
9.506557213120193639e-01
7.426438470038772000e-01
9.038693657555523231e-01
9.545357859583860627e-01
5.434299956373515039e-01
9.720030413364013633e-01
2.447888315411195781e-01
2.523039259479859520e-01
9.021545563591828465e-01
6.523880049338695031e-01
7.294329354455723058e-01
9.062194084396082427e-01
4.404606279387431877e-01
9.575040678608190969e-01
8.318082171840355254e-01
6.378293210253319634e-01
5.150390021783010086e-01
9.754280963371526614e-01
9.281427128456871678e-01
8.592586573210420076e-01
4.112826888739679609e-01
7.084024093201346517e-01
7.420925071746482804e-02
5.355419748127611124e-01
9.817655330655969959e-01
7.587619910921310495e-01
9.787355912300657046e-01
9.297615375898201640e-01
9.656782829851282557e-01
9.688732591209856526e-01
9.630329709954404960e-01
2.290438601487538584e-01
9.788483493604055452e-01
9.765849753032997960e-01
6.576663246726390799e-01
2.248857676511667181e-01
5.302903916681240837e-01
2.295139508653047944e-01
5.984011117928771384e-01
9.589890140075439939e-01
9.219938035158375955e-01
9.816409445192737504e-01
4.518548351892260340e-01
1.573823845071278260e-01
9.446066798981218593e-01
9.677087520084126648e-01
8.222705370304093098e-01
9.459472227079336326e-01
6.328877410563682471e-01
9.819008112232039398e-01
9.921743387816879256e-01
9.795207834811738845e-01
8.665099889904498420e-01
9.271766787161040968e-01
9.854605995621874559e-01
9.921767857873051710e-01
9.921291607575498661e-01
9.941789359825163874e-01
9.936590537695223491e-01
9.990144941665406453e-01
9.989947461606912826e-01
9.936573890135564913e-01
9.343702007039262902e-01
9.829809360462232748e-01
9.631203541013396707e-01
1.186827839355502762e-01
9.613061942028829909e-01
9.974860007620540703e-01
9.897902563572698043e-01
9.342060587864922105e-01
9.847848515731930652e-01
7.196476265988304144e-01
6.668419422032066946e-01
9.949038352070127544e-01
9.086108833782584604e-01
9.286757477313926090e-01
4.223363471751021003e-02
9.950343640279436519e-01
9.836618207367022748e-01
9.820766588714787693e-01
9.859187035150350775e-01
9.567523505123184391e-01
7.861009479543292766e-01
9.943045901482199245e-01
9.794643090048275047e-01
9.697032985394650195e-01
9.884920105487651210e-01
8.896004267036088375e-01
9.953165880556873457e-01
9.886505772421010363e-01
9.834532202069262707e-01
9.694265078978798744e-01
9.373411554477725227e-01
8.543082268349583286e-01
8.144008488619397523e-01
9.694505241048055888e-01
9.660298035211337675e-01
9.777785447191392754e-01
6.126227213531572069e-01
9.792758447507955433e-01
8.602347451742305973e-01
9.619037394722722567e-01
9.161949111302969406e-01
9.289263719413122233e-01
8.611913093593044355e-01
9.902625281750283559e-01
9.379138061194259857e-01
9.586693077138763730e-01
8.839575333398929091e-01
9.497139414447530736e-01
1.641209079300536000e-01
3.462317629849868961e-02
9.483190625380246708e-01
9.845941360122540953e-01
8.855643462454230175e-01
9.706556611427393788e-01
9.727782151014714440e-01
5.254101598538682971e-01
9.647855310803123974e-01
9.885714695469625113e-01
9.841848328393196788e-01
7.484441341981793450e-01
8.259666485987877671e-01
9.114585917578080787e-01
7.197087695466380941e-01
5.352454775083661520e-01
9.338570414115254792e-01
1.639216852168580039e-03
4.201477840333945890e-01
9.015169661001266599e-01
5.031159567005509536e-02
9.919138710759611843e-01
9.803724315601040074e-01
9.943024989270413672e-01
9.620453013732997993e-01
9.809956248115049293e-01
9.761083239785651733e-01
9.711453646629459868e-01
9.963626117500717916e-01
8.782680908400106734e-01
8.151177149275532496e-01
9.941160737653259583e-01
9.913679535523614028e-01
9.889009769188636945e-01
9.910304042624681342e-01
9.326388523216934123e-01
8.294244819744996944e-01
9.423823314185848510e-01
9.435357221236571057e-01
9.447959883631292799e-01
7.618183451194967537e-01
9.747577238838355251e-01
9.469241827648853249e-01
4.737256135989890149e-01
6.107344722302960882e-01
9.970029861975471253e-01
9.972407459854950584e-01
9.996371888113767534e-01
9.930454553082617153e-01
9.963061298039720404e-01
9.971680771374769048e-01
9.972034411812376042e-01
9.959312949000372894e-01
9.983209262981881382e-01
9.972360987945350086e-01
9.991430788727811985e-01
9.944215674725396248e-01
9.992509276635488380e-01
9.977338902761083705e-01
9.955088451833945529e-01
9.988513921665074236e-01
9.964792888278157790e-01
9.898502727176975435e-01
9.986288119648656370e-01
9.970864437054567375e-01
9.976504536121088007e-01
9.919950077389660947e-01
9.983646358762461315e-01
9.900705550934831845e-01
9.985310571231069687e-01
9.798358753604066163e-01
9.932607893112482822e-01
9.863781822335946359e-01
9.980771012940478082e-01
1.493920967606617856e-01
1.450815650433514292e-01
7.775854765027188087e-01
5.047716215920819982e-01
9.892750421729537003e-01
8.710768857080108951e-01
9.764503453758701657e-01
9.641390415977020290e-01
9.818389330193718623e-01
9.845985021404529691e-01
9.714667792596825002e-01
9.177562254795567087e-01
9.746843033331344941e-01
9.367780490260564363e-01
9.670760943622399575e-01
9.901231438184637801e-01
9.771549524745757331e-01
8.329378025753848558e-01
9.944547777262614519e-01
9.250036393956705405e-01
9.075701506852488221e-01
9.653628681665950007e-01
9.722758819603725122e-01
9.473825707328875634e-01
9.334437929878964813e-01
9.040267709006535313e-01
9.958056611652353896e-01
9.358704125354937453e-01
9.535939409848779302e-01
9.439314292772719162e-01
9.825888765773583833e-01
9.580855966197221463e-01
9.786700283573926962e-01
9.055792129988955441e-01
9.316269102833618643e-01
9.777318031340868076e-01
9.431950411127103528e-01
9.324886838152076640e-01
9.742318482887530884e-01
9.703885833259727756e-01
9.589019087221344328e-01
9.734670545984109857e-01
9.819133095742811346e-01
9.953955662544746730e-01
9.470361217735855375e-01
9.643394092594440581e-01
9.636681571806047231e-01
9.588312170901910347e-01
9.796885607567025200e-01
9.835332172616735313e-01
9.465023288061901185e-01
9.916216918980736983e-01
9.953909884089077176e-01
9.783855914566071954e-01
9.347280546157622494e-01
6.451824419283578443e-03
1.284304699075171363e-01
7.181572853968928860e-02
4.375141029983891511e-02
6.486836141339734629e-01
5.830482151491375165e-01
9.605649326644188912e-01
9.333700478970859971e-01
9.775362455407204942e-01
9.883135580426757327e-01
6.990466923377905983e-01
2.839999936943557457e-01
9.441892136407912250e-01
9.871882594981262748e-01
8.556505199677290063e-01
9.587924080761897061e-01
6.648974019583506756e-01
6.287055225580824580e-02
9.436995051291908743e-01
9.777975977920914108e-01
8.506348074908054446e-01
5.660568903787231987e-01
3.430792973270758717e-01
1.581254012482522231e-01
9.269213190039365946e-01
6.712558421472929471e-01
8.437684734439413470e-01
9.413100638244624729e-01
9.872250042791398394e-01
9.430585190492998260e-01
9.987507618029262124e-01
9.902845788962396645e-01
9.888678787220339661e-01
9.965471862042538653e-01
1.188554274096684932e-01
9.967213962602212707e-01
9.955568505317134997e-01
9.906619052987741814e-01
9.941007130750222354e-01
9.902238163677966609e-01
9.871418287264853708e-01
2.463495462020044158e-01
6.063469889031019022e-01
8.816309191455602434e-01
9.339636272578207832e-01
9.378246615068899228e-01
9.217293288308759935e-01
9.854058349836195552e-01
7.707976723632593563e-01
6.868620542979982924e-01
9.066600288046439138e-01
8.983601003107062333e-01
8.744060589093469726e-01
1.175762273806750940e-01
4.342392569626960519e-01
5.240852064220007378e-01
9.833865332740221454e-01
9.796396545620856822e-01
9.790416779710112705e-01
9.339901725732614457e-01
8.968225606064484934e-01
8.874792809996295828e-01
9.833368117651618556e-01
9.983923962340460756e-01
9.969883608645806472e-01
9.143542579799226466e-01
9.923867887387352038e-01
9.975176140152443027e-01
9.924417234623664763e-01
9.880731923989374277e-01
9.865604234329142797e-01
9.954124601669873673e-01
9.760186222626486829e-01
9.764715730382061976e-01
9.812138614535200754e-01
8.410867640552113222e-01
9.930260843801740345e-01
9.943489044251890840e-01
9.915909614211780854e-01
9.928463674481652346e-01
9.961705831320105675e-01
9.487647879715775945e-01
9.787761377815837882e-01
9.935078444486089566e-01
9.791243529518351973e-01
9.914144877025172775e-01
9.370131055406206722e-01
9.851813377752709489e-01
9.395838214780563025e-01
9.881320226378410565e-01
9.900560075083035816e-01
9.861650217765719484e-01
9.943678680346332843e-01
9.671161370805276825e-01
9.910448337388696460e-01
9.703656937342202138e-01
9.851231383899539118e-01
9.864777841808770598e-01
2.218767863628509640e-01
9.816184515604555738e-01
9.769711458676098026e-01
9.858331933970166938e-01
9.576142823877884513e-01
9.863372597203132752e-01
9.646265979603857454e-01
9.854368804437237950e-01
9.862719936098802709e-01
9.098900324245721150e-01
3.033247957863400845e-01
9.509931590055367145e-01
9.681704802741365468e-01
9.609087553991090269e-01
9.885044788895437362e-01
9.830763049056528979e-01
9.860458183096414420e-01
9.499498248284020674e-01
9.926637237984089479e-01
9.944938343543922032e-01
9.976896167867878029e-01
9.796946918354313416e-01
9.657660539403613020e-01
9.615908631162013442e-01
9.957194805534417270e-01
9.921088612570484466e-01
9.939613943890075465e-01
9.470374967650853071e-01
4.574574964211718942e-01
9.076958662983315440e-01
9.343151415615512656e-01
9.618719479555658536e-01
9.785826001324653411e-01
9.558829511682227498e-01
9.585944748979389196e-01
9.605049389036977026e-01
9.133983508836168719e-01
9.338641291246256859e-01
9.808390843656650260e-01
9.958726374007292881e-01
8.975398660740013801e-01
9.114026427576937817e-01
9.638738382618856626e-01
9.878932929047429257e-01
9.945678468637288994e-01
8.972964050061649210e-01
8.773537074405700631e-01
9.735804589011144428e-01
8.899108689838590713e-01
9.917464768923945906e-01
8.528499041856638652e-01
9.812558556797353893e-01
9.972975984867650245e-01
9.722589946736056588e-01
8.603580359643403508e-01
9.465711281666266963e-01
9.930094580259440917e-01
9.715587090892459088e-01
9.745659251406268986e-01
2.815667507704190387e-01
4.354280793850970332e-01
5.901764082737585015e-01
9.821834197869433458e-01
9.675572159449246090e-01
3.402355885152147374e-01
3.278340443318648878e-02
9.264696781624878197e-01
9.159262192940148539e-01
6.298076781100151456e-01
8.626717990941183967e-01
9.849464419919684577e-01
9.815514973205929916e-01
9.440460749474955948e-01
9.851766695660499895e-01
9.809140830138897149e-01
9.896774584480187986e-01
9.127781543321992208e-01
9.875060429384681093e-01
9.677663194604815278e-01
6.584217129248346456e-01
9.932350132649641061e-01
9.951533431409429475e-01
9.649002573959544193e-01
9.424830730587183680e-01
9.890734189675646215e-01
9.830723070941004282e-01
9.590738214209604262e-01
9.310532536613383980e-01
9.894966669054897634e-01
9.834103029136529450e-01
9.545340823203176672e-01
9.789679841929467274e-01
9.815298184410797822e-01
9.802640165228997393e-01
9.500659053889517480e-01
9.950612093225157384e-01
9.167410751498981103e-01
9.934401480350234515e-01
9.712730619930505238e-01
9.896010188839290400e-01
9.926418595768735642e-01
3.982387982372421753e-01
1.927919841668725709e-01
3.085064303399147612e-01
2.360167155649799398e-01
4.328559655725801592e-01
8.476633429612100423e-01
8.618662017204361536e-01
7.398892728627093351e-01
9.246554984617210149e-01
9.511251016224402388e-01
9.382018283335537001e-01
9.626370506015469175e-01
6.950701619682402299e-01
7.267894052260865934e-01
9.434147755095271259e-01
9.186784180753817530e-01
8.994512971331086737e-01
8.880237497461486162e-01
9.188083418369391575e-01
8.896198528293717267e-01
9.695749503969193217e-01
9.774404539185187479e-01
8.746912737884598998e-01
3.809759200019883219e-01
1.812313097041921561e-01
1.900372510601546286e-03
2.239160925518621573e-02
9.665346451457418331e-02
3.019118944530091442e-02
1.475684871977578014e-02
3.072986365484626017e-02
9.805878862897304815e-02
2.108337821237228071e-01
4.845062875697361826e-02
4.495144486124156846e-01
1.720705120658945486e-02
6.369748027122493217e-02
3.591303895182483830e-01
3.447902569719167587e-02
8.758109393084752281e-03
4.647767423406279352e-01
9.756555790692243713e-02
8.415370060195587198e-02
1.340033884018638870e-02
6.425337184188655293e-01
2.377345076625862197e-01
9.724742864929783459e-02
6.002446305738009524e-01
7.601632050834947196e-02
3.562368663362887322e-02
1.226987305123718175e-02
4.995025199873459956e-03
4.152042578242099574e-02
3.038743354820810580e-02
1.500884784150743369e-02
1.321757248758694547e-01
1.203112132655476813e-02
3.416023069460948081e-02
1.369277059682612319e-02
6.382815367533154968e-03
6.545784628423910734e-01
4.377467170396819318e-01
9.989787006369564570e-03
3.143026362846233074e-02
4.499327430173544196e-01
7.874613792476281571e-02
1.607010124342969082e-01
5.862651000218775665e-02
1.846061843523393864e-01
4.473270826635367681e-01
1.192416590633769979e-01
9.718342510853220095e-02
7.620000015323596942e-02
4.338069577905089708e-02
6.109201737135788041e-02
7.269546104817318222e-01
9.290566708851859534e-01
2.333661834979275720e-02
4.589639684468109493e-02
5.258694618077900534e-02
2.082228256575641492e-02
3.371201629301022185e-01
1.779059877061664185e-01
2.302823877697244073e-02
8.001616913393157227e-02
8.237395818651573054e-02
5.916998914820242872e-02
1.437614989425008982e-01
3.448406144339172946e-02
2.471000253433143154e-02
9.372225999197114632e-01
2.190594805230436370e-01
5.357603750622869261e-03
2.548213105548190194e-02
3.094039516982245025e-02
1.314594887479059301e-03
6.575721235129251552e-01
8.220760013445130299e-02
3.343573725532121288e-01
1.903576115464162277e-01
4.711868792285639485e-02
2.055711737328514421e-01
1.201787928882696310e-01
4.866458933973272227e-02
3.673626706140131065e-02
9.181272454872380084e-02
1.341992254706153706e-03
9.317043297139702279e-03
2.403499666918680264e-02
2.940547899261428122e-02
3.858385301684166824e-02
8.010481438573600899e-02
5.265879321536667303e-03
1.615488177168107956e-02
5.198306442908318115e-01
1.092878002989883419e-02
6.628961579813524505e-03
7.109003766741807395e-02
1.601390302480091080e-02
3.774546047407607158e-02
2.382687064786311731e-02
1.097716497421148130e-01
7.146888998245022606e-02
1.575610649570159671e-01
2.311701822323737887e-01
8.253331695127706299e-03
2.997696236877385109e-02
7.449672875591643872e-02
6.670117571509541488e-02
1.481185089458709747e-01
3.560941048402640335e-02
1.008781186373603755e-01
2.762352609720362118e-01
3.045115034348915006e-02
3.325057497079116353e-01
1.076767467421696212e-01
4.557987573329611714e-02
8.345947283778671830e-03
3.463482383230841177e-02
3.246912918835371392e-02
4.397528786092631814e-02
6.713332036580844930e-02
1.190299679095156021e-01
8.770195917448724010e-02
6.231823118088457569e-01
4.124654686365793882e-02
6.842843249381513893e-02
9.951868896290666511e-01
1.578294631228374101e-01
1.235786396774285895e-01
2.337294532648940756e-02
3.726086777688417118e-02
1.063855315552771075e-02
1.458968942507981627e-02
5.442213766664405483e-02
1.554759965523201150e-02
3.292467892105114258e-01
5.422003334847213391e-02
2.005009881135818295e-01
1.940411721670519743e-02
2.514417173743385345e-02
3.098813046785693914e-01
4.499678438763139027e-02
7.437529746261575259e-01
4.487553905698685869e-02
3.858172033040789817e-01
2.175442977508959264e-01
1.335182127844334980e-02
4.460403531830295365e-02
9.250129946549971380e-03
7.842167323825114389e-01
1.174116622361923712e-01
1.350654630445456174e-02
1.076191067861907019e-02
1.599669649513275199e-02
1.103366553162890736e-02
3.196073732301660947e-02
3.001098533866556131e-02
1.364743118262488897e-01
8.305978469602484388e-04
8.415544252221103874e-03
8.106235789137430925e-02
1.177277798069192444e-01
1.050188115844310349e-02
1.706248971283211985e-02
2.462717556333403612e-01
1.426662868961716367e-02
4.267921436433096821e-02
4.154750698801758929e-02
3.423419789503649030e-02
9.215965407014362065e-02
7.936819685760505838e-02
2.411302252194530427e-02
2.388265487490335084e-02
1.095551316064936470e-01
4.944090040240320394e-02
5.360905582373851064e-02
1.128636339084736623e-01
2.899013213229949953e-02
4.829094061931143989e-02
8.889309590472991435e-03
5.844139160481280626e-02
1.516305295129795616e-01
4.827242595511856138e-02
9.420564320418304272e-01
1.503604827589224459e-02
2.193979119351948878e-03
5.983709399662586748e-01
1.037591528474886976e-01
2.665205359632932813e-02
1.760071927937522096e-01
1.783676672218518500e-01
5.499460512355079655e-02
1.886620074863535126e-02
2.048202071945544600e-01
7.674870459592975959e-03
3.100012012907166770e-01
4.062261569053007143e-02
4.499519479154875934e-02
4.266227926286247918e-01
1.550284182083089546e-01
6.219691538876142012e-01
3.129598344647710473e-01
7.526559603523930164e-02
1.463065020625104740e-01
2.391081500623547934e-02
6.406985378370957940e-02
2.639597318394186834e-02
3.189677115365382315e-02
9.274789767778443550e-03
9.556403707967574546e-01
1.572182900748994583e-02
3.751635925756632156e-02
3.966315849102344804e-01
9.602407135789124693e-02
3.880542076817902752e-02
2.188601666156938519e-01
1.522482972685059756e-02
1.776783394957486342e-02
5.360443679719673754e-02
8.117883819555254954e-02
9.589286417230985515e-02
9.579417734867379242e-02
3.398322577612435946e-01
1.651144337359172071e-02
3.785091083529409928e-02
1.874252315043296313e-01
9.057537867779301699e-01
3.128863339614686156e-02
4.700204117083414505e-03
8.470464709505985679e-03
2.968248452035958662e-01
2.736566272857391957e-01
5.005924769320803103e-01
1.086962748490309660e-01
3.064500524722881328e-02
1.523837401274983350e-01
9.950042118796899315e-02
2.677884861487546050e-02
1.075159266185624490e-01
1.274494288791277463e-01
1.551943955050330004e-01
8.694059612225694955e-02
3.271482411285496217e-01
8.916823089387965195e-02
4.344215183104926936e-02
3.290618022915687418e-02
2.308777194247473366e-02
4.121136128959902722e-02
4.041831001617338104e-02
1.459239909743563768e-01
2.996118123634290351e-02
2.248758580548095715e-02
6.996002861299494002e-01
9.435289201328460607e-01
3.644432253716177461e-02
2.295004921334294415e-02
8.217945610184876903e-01
5.638549087013150496e-02
1.030220600781431572e-01
2.221989791921026858e-01
1.954216338371647654e-02
6.711163050880970815e-02
2.741589121731417139e-02
1.909400278548912741e-02
8.344154938149333720e-03
6.116096328535721716e-01
5.742673616627183009e-01
2.372251905302493954e-02
1.085637418876645027e-01
3.077559494934885564e-01
7.402680401797721854e-02
2.480310353954596758e-01
3.286246153010853599e-02
1.900718749404863494e-03
2.874433370548106215e-01
1.294874704385993447e-01
1.102088627237243768e-02
1.311244878143028210e-02
5.633663238743906454e-02
1.007690766716562783e-02
4.348833730648568596e-02
1.843978600326760461e-02
2.615037845140644884e-02
8.077514731276639326e-01
1.594378116786019511e-02
2.138769501535087991e-01
5.417458341619834847e-03
7.091459137157056780e-01
3.888913014302443627e-01
5.903906333817272867e-02
1.571765456443798004e-01
8.461604651123093290e-02
4.758915765355815029e-03
2.675596345576033291e-02
8.204359735078635696e-01
5.218015365978948550e-01
8.201601330285042402e-02
8.484232752176207315e-02
5.368589458578004042e-02
2.533892059153197707e-02
2.405347435220004174e-02
3.615034248390699978e-01
5.821939969298234319e-02
8.570466926940188343e-03
9.190657076041171269e-03
8.800586326018204619e-03
6.077227938891759385e-01
6.660974815485670719e-02
5.559019986250308271e-02
5.099878201309574616e-02
2.219661551591233309e-02
2.347251450038342069e-01
7.289117320439424119e-02
2.275090861132547937e-01
4.861920016266455674e-02
2.219958697543736661e-02
4.309908841284055409e-02
5.703760460969486273e-02
3.052649372933212146e-01
5.542508237833949393e-03
3.765547015073755083e-02
7.321719873223930808e-01
1.119133146515308326e-02
1.663443905025633468e-02
4.463108728558611710e-02
3.083088183637611168e-01
1.011155136007562683e-01
6.001841469688341812e-02
5.713155561541193306e-01
8.474008698413200424e-03
2.639816660397581449e-01
1.127074072497671609e-01
6.235860139501377825e-02
7.507240180346015125e-03
1.969788200640855136e-01
8.078472088974626708e-02
3.891818872392262957e-02
4.442942265235762939e-02
4.047836609679208303e-02
1.967941734573864804e-03
7.590483294990729712e-02
9.495872529247935401e-02
3.229104907537107966e-02
3.032847055798264524e-01
1.668983713985562889e-01
3.323705267635271854e-01
2.774373604129498974e-02
1.094458120799205597e-01
7.746640960396670994e-02
8.399099452079518413e-02
4.935904080554912726e-02
2.138521333175773531e-01
1.127324327322144597e-02
5.163333431502469678e-02
4.445987240076269831e-02
2.237691620372185899e-02
1.012917385284525518e-01
7.264885975558245737e-03
1.626750880621862239e-01
2.258282048778721407e-01
4.319213929814957886e-01
5.707465649214111397e-02
2.618647086970077309e-02
8.601963452486097866e-03
1.778531996815739813e-01
1.508978480459232940e-01
4.803081058723711501e-03
3.622959736260939617e-02
2.450299782450719201e-03
8.663774401006679726e-02
4.679390752590286140e-01
7.578795552951437253e-01
1.259579803191902270e-01
1.309407333870390433e-01
3.681709938516129071e-02
3.667134536693048789e-03
2.942444511946797070e-02
1.953796741310118990e-01
1.298086935755825289e-01
7.839216759810004875e-01
4.084880963217360841e-03
8.894193101090105413e-01
3.658554372628194939e-02
9.891184845821244798e-01
1.240630292765445295e-03
4.325943847585798051e-03
2.255959809913427039e-02
7.946867871318839815e-03
9.747242420287612896e-01
9.114267216431629071e-02
3.242158714790029095e-02
5.476351408702615498e-01
8.475601127630773279e-02
1.633790185675516524e-02
6.950059097269666031e-03
1.268437144891881307e-01
2.743695251516889977e-01
4.561926064133363101e-01
1.519595178358917539e-02
8.088068943988843684e-02
3.932127253503961417e-03
9.426401156803989601e-01
2.190085025766089488e-01
6.014746875186950323e-03
1.728465573403288255e-02
4.597910678611875912e-02
1.838696324123542392e-01
7.422198823435727233e-02
2.530971112600963191e-01
4.012897756362056312e-02
2.893960290285307185e-02
9.848559200766108246e-01
7.999982761346198859e-03
1.486325529429275982e-01
8.073250508373464029e-02
2.777227998906418582e-01
1.613292062313344266e-01
8.393952142351120971e-01
8.203108402285978762e-02
1.556244854264308974e-01
1.138970048635380185e-02
4.316234900499366089e-02
2.507555564309848356e-02
8.712568582990309896e-02
1.300490676610547569e-01
1.106031157208411803e-01
2.902694741033817055e-02
5.974678308217792888e-02
1.351279643970907871e-02
1.982001648334728861e-01
1.475310557195617933e-02
1.613467451550948395e-02
1.103541571006758232e-01
7.754182449942497168e-01
2.395096881146761489e-02
7.468021062454706371e-02
2.172891955252880675e-02
3.731783257598677572e-01
9.605883496298149860e-01
3.775996862879041870e-03
8.945456372239388165e-02
1.023580455867869055e-01
2.059412547795014259e-01
1.287617083545211927e-01
1.086078348856917425e-01
4.844181339236151573e-01
1.062828232768393277e-01
3.979628088435095690e-02
4.965541054853981479e-02
9.012802656146020608e-01
6.592707497840518682e-01
7.736734279782336854e-02
3.729746935100088367e-01
7.225244093184653160e-02
1.189256779592383628e-01
5.745388731293712969e-02
9.908007893649181108e-01
2.273496849332892755e-01
4.722253699482800021e-02
8.365029553332348211e-03
1.350445492850711748e-01
1.124943741990440393e-01
1.465375156120755744e-02
2.219576310817038545e-01
1.962753846949698844e-01
2.020749773144949260e-02
9.213314931265552399e-02
1.561330449984388996e-02
1.321110016718155811e-01
1.378730708011770834e-01
3.364808529549198068e-01
3.107512089319373547e-02
7.874517748977850895e-02
2.584653588069154261e-03
2.781030277138877779e-02
8.805249024330194518e-02
5.640203078056606201e-02
1.419264234298435734e-01
6.038175751529472057e-01
6.530121244337407094e-02
1.446819357075594670e-02
3.135613202058677718e-02
8.342671269791322730e-02
7.799485286088652103e-01
7.656631578744865774e-02
6.085236083548983127e-02
2.441273995056197355e-01
8.502612551158074405e-02
5.732611073462239026e-02
1.184078586613386969e-01
2.362969833478430551e-02
2.424096303713376560e-02
1.382060280746807458e-02
2.143277843066194732e-01
3.734163356018167616e-03
4.443427221442372010e-01
2.697446091242238636e-03
5.823404169728697843e-02
4.670707706092182970e-02
4.455777511537931113e-02
1.136590142443714285e-02
1.628433766244039016e-01
2.634678836010964642e-01
5.922596148207026970e-03
1.970409782375356911e-02
4.426945916482379756e-02
5.436530196867932485e-01
3.039061236671096108e-02
7.122034199381423181e-02
1.121770210639012749e-01
1.841305235430337013e-03
4.664151830699315160e-01
2.440978127659724703e-02
2.262089614931856243e-02
2.052662472090849843e-01
9.935548358395267232e-03
5.855692597399766303e-02
1.185964735378484524e-03
5.237867238059729091e-02
4.284998129915096321e-02
8.689621519379213052e-03
7.166710231990600088e-03
1.031945251375944450e-01
1.718512037132892412e-02
3.363778193793035554e-01
7.933303209909274914e-03
1.872173962861963248e-01
7.784909259554356753e-02
1.436788808778517376e-02
1.244527285579299231e-02
2.772108519029897744e-01
9.850545535728004731e-01
1.383901202263667501e-02
1.712050255941927057e-01
4.793324403504509862e-02
1.135318964165739353e-02
3.222147851369518423e-01
2.809117960457255952e-02
6.809524854417155215e-02
1.745636266185210395e-01
8.322192593937794980e-01
1.896780263759872617e-02
9.023611806033572311e-03
1.432426216568006561e-01
1.468917613610310757e-01
6.455453722666759653e-02
4.667080642848414618e-01
3.313862993071894913e-02
3.281281259372275435e-03
2.864856468212345977e-02
6.169015009659083171e-02
9.007518702793861076e-02
2.206115952904827981e-01
2.338517191769235726e-01
1.900601232967441823e-01
4.792621394443954408e-01
4.861484793684747729e-02
3.463209691780522875e-02
2.172044044309778127e-02
1.474033438767119453e-01
4.458554095950295615e-01
1.622212184432348381e-01
2.261249844382677010e-01
1.197226555043466728e-01
8.265183278329674144e-02
1.628044352574884446e-01
1.008484636614887138e-02
5.288617595864451154e-02
1.089473405295890845e-01
1.342486068099733344e-02
4.950323524498274202e-03
1.515625088899756265e-02
1.255813220271095876e-01
1.103397532093650796e-01
3.997026001990094946e-02
3.707632348640861608e-02
1.521031114490522217e-02
7.562351624691096563e-02
1.766672233871640144e-02
7.372670710360951229e-02
1.989438565608470100e-02
5.021485304227029101e-01
1.226695800845704377e-02
4.587131895686971141e-03
3.833110892174012435e-03
7.039725776334682106e-02
7.467603830867168557e-02
2.441269112423730958e-01
2.557723179096055288e-01
1.442337075716521588e-01
1.839125732301656324e-01
2.198170426904639055e-02
7.270254846936395621e-02
1.354520359315473654e-01
9.665038678467712252e-01
1.108969962229866199e-02
1.347044901252729930e-02
2.497699254999901849e-02
8.952703529274980143e-02
6.288076694082728180e-02
7.952982241464140456e-02
6.724608629120143108e-03
8.782463084193304903e-01
1.622250479982936464e-02
1.431700296337486827e-02
4.821694628121393766e-02
3.601735814032288631e-03
3.013780993516539802e-02
6.284360398811663501e-03
2.898988793175167333e-01
3.075877467774308927e-01
2.293217741869212345e-01
5.865061808880255717e-02
2.581772010754762592e-02
2.888446797136695610e-01
2.347409252822349121e-02
2.971949224426648564e-02
2.894762532255325538e-01
2.280700759552243828e-01
8.876856278709446824e-03
1.127094729295882308e-01
9.270170286026109263e-01
2.397773578614901743e-02
1.711657819374843084e-02
3.058853646038110427e-02
1.813961148691415060e-01
9.214380255672580122e-02
7.810067560132821773e-02
5.241729247299304478e-02
3.002732981277200230e-01
7.251256348801557450e-02
2.624197969933120961e-02
5.544709713959313641e-03
1.683605476955357116e-01
1.248648290695212812e-02
9.283931250337164320e-02
2.842276149954458403e-02
2.069849559916456944e-02
1.806294026078002213e-01
7.461397023348174118e-01
2.676572756113970164e-01
1.231278693093150640e-02
2.676908763548901393e-01
6.463099867962388001e-02
1.861043692030144719e-02
5.736478875923234355e-01
1.166144827249352700e-01
1.414011923320618140e-02
6.113292964094908799e-02
3.757040606224698043e-01
1.507346495298667322e-01
3.460868714233957255e-01
2.483827914260785738e-02
3.786967821478538498e-01
1.307337426689009208e-01
5.349050045529838426e-01
5.984034587177577968e-02
3.909713415837076655e-01
4.215237535723064671e-02
9.263865543754640219e-02
3.082936229780950388e-01
1.110602401919565940e-01
2.210290328852606082e-02
1.179734545054638845e-01
4.284301460539487183e-02
4.997382722359781648e-01
1.512014149863847960e-02
4.111406783843933946e-03
7.409193918930466471e-02
4.818330074226214593e-02
1.705888535582993082e-02
5.746105009987644702e-02
7.168220639040780683e-03
3.955166357595293197e-02
6.297629892481268477e-02
2.192007484242513293e-01
5.781430064915228650e-02
7.623558927876281088e-02
9.749506935158249246e-03
1.268306423277032816e-02
1.603153315720463046e-01
9.995149188846785826e-01
9.622407372707212359e-01
1.963549903082077025e-02
4.596095183624497593e-02
2.019614776749115853e-02
1.648775213815737162e-01
2.806366088619842436e-02
5.267496999677218593e-03
3.511696909276980361e-02
1.882147834679342600e-03
4.622765760102053034e-02
2.368873074234222574e-03
1.103209920825363871e-01
5.299118793387992687e-02
1.417625717433168564e-01
1.325618284823054382e-01
1.196821119493241860e-02
2.857489823218471378e-02
1.135155652360432489e-03
9.099250624835788712e-03
3.521173593299872784e-02
1.683979902883337917e-02
1.136450775986829614e-02
1.648469322974190632e-01
3.997338528596058177e-02
6.756296487187763988e-01
1.968937415334676144e-02
5.269392104094729190e-02
6.336204000927509600e-03
1.164223154962617246e-01
2.386657994159029628e-01
4.484660097168612775e-02
4.758697002562642039e-03
9.086259349144349892e-03
5.478493743829491135e-03
1.975883258340910623e-02
2.184946293595278477e-01
9.945497081215889240e-03
6.609125817442769446e-02
1.762760782876345370e-02
2.241643938799280089e-02
7.413026800103209024e-03
7.715542010112220669e-03
5.705802864810318592e-02
5.484571361870078238e-02
9.621477371775667420e-01
1.312882837220772335e-02
4.480140564685678069e-03
1.332459258034713878e-01
8.476724209435293478e-03
6.490156686576044678e-03
6.561005855027592093e-02
3.950693409382093069e-02
5.312808875048075780e-02
1.089902912597568926e-02
1.823031558736972479e-01
1.980478448786516729e-02
6.523426961981779182e-02
2.745392988347548219e-02
3.215044173686128909e-02
3.499850921911586837e-02
1.218263679260568437e-02
9.236989756994329337e-02
7.606387953319761717e-03
1.715348810003881341e-01
5.095566021546990565e-02
1.346236161507869677e-01
9.846686450865839157e-01
2.188244186479037512e-01
3.628639063854199875e-02
1.881771421536859203e-03
2.550276306660868506e-02
3.345256317378608041e-02
2.553297976046034132e-02
1.012476532896142839e-02
4.372717240792634019e-02
1.028404324907325612e-01
1.131196655450217997e-01
2.410273367345608375e-02
8.756595224323263649e-01
1.315267387327971882e-01
8.790442140871460031e-02
2.271783004807547898e-02
6.358879835786512835e-02
2.597759263776648619e-02
1.654385014786808120e-02
2.854158867088371632e-01
1.446931950629696262e-01
2.856917057316978870e-01
1.507316300068888282e-01
9.943462346661137430e-02
1.086060612534448244e-01
6.780439843573744796e-02
2.195408074734159776e-01
2.558177213758765570e-02
1.178820563293194873e-01
9.677547820251662658e-02
7.520840666786879347e-02
4.396130648489599002e-01
2.977542731371245546e-02
7.902801380603625969e-02
2.888586540476962283e-01
2.511865473859263287e-01
8.907342066349535625e-02
4.861301167544250512e-02
3.041919282657312013e-02
5.871233846265773437e-02
5.762422137607252637e-01
5.263052301879508205e-02
3.130361835430160722e-03
6.168272807541578390e-02
3.417206628705218852e-02
4.725281289688215147e-01
8.850853318243892542e-02
1.961572194220308207e-01
7.788492467323721025e-02
1.290408026029248728e-02
3.041013122176468644e-02
2.963832196606172031e-01
7.514155173750354244e-01
6.419963985913697269e-02
1.906958289438969167e-01
3.501266512554765398e-02
2.118945962625120444e-02
2.377199745728747204e-01
1.837151775195155767e-01
6.460104349760168452e-01
6.462946521910413120e-03
9.393187554883755674e-02
2.803455395458064880e-01
1.137869359660986651e-01
2.343161083518098108e-03
2.736064975059810528e-02
2.079591489373449897e-01
4.301718160220307022e-03
5.349171983652347556e-02
2.742606490777381792e-02
4.244247962948051456e-02
3.985323160004919929e-01
6.672854333139684180e-02
9.777392068219006305e-01
1.864213081985074127e-01
1.993763952966250419e-01
4.442354163259079787e-03
1.034188465185007129e-02
5.481244037941992130e-03
1.307263286673101058e-02
9.063824684582184599e-01
3.219594798349715847e-01
7.828240863264521177e-02
4.697015296215990843e-02
1.514385072828673406e-01
9.517865086165427924e-02
1.656295983296233454e-01
1.423780781908097308e-02
5.144576284346432660e-01
6.931148204752796138e-02
1.985745972336200316e-02
2.780899173616195250e-02
2.607749590493876890e-01
1.262649199959745699e-02
9.701265038006257058e-01
2.387248349840460637e-01
5.545477699489750195e-02
5.827327608364310518e-03
1.183399891406089477e-02
6.820018259262744520e-02
2.068409777211026312e-02
1.394588980108787783e-02
9.383527673172789574e-02
2.246244362848269505e-02
9.309910530805041162e-01
4.032286409386863328e-03
4.145116889939803179e-03
3.910390562381828028e-01
5.509655873895313166e-02
3.301823949983240247e-02
1.987084602606556394e-01
3.689715358798918016e-02
1.002775284709618436e-01
2.459323868606267394e-01
5.055956173302409429e-01
3.490077084338872315e-01
5.189657384986951644e-02
2.649871490476117877e-02
2.311536420255598870e-02
2.732961210021313606e-02
2.746061409318381052e-01
8.472117945403563333e-01
1.215776140075300500e-02
4.638962936233292228e-02
1.149516081653990940e-01
2.585355798945928457e-02
2.562598703794044183e-02
1.903487057560207529e-01
6.563571890117947914e-03
9.950409478261729168e-03
2.881298226326001362e-03
2.334914084310497073e-01
2.556265222868457643e-02
4.125662311938182447e-01
1.303785435056641767e-02
5.568805309682844928e-01
4.305094166783535736e-01
3.753621374764671836e-01
8.206144759011577694e-01
5.158247177843541115e-02
1.457242152336763463e-01
9.439660133626910365e-01
5.862889924164189220e-02
6.698072154341128126e-02
1.863281276101029851e-02
9.204721755514451431e-02
1.676533488038574049e-01
8.685324684540500148e-03
1.627534202946247233e-02
8.978262055654750648e-03
4.130297304536383329e-01
8.109937862946302312e-02
9.926379808785799896e-02
3.007414555505764572e-02
2.282306772020440966e-01
3.815056583975971055e-02
6.229782927889226940e-01
1.512196224737646921e-01
5.948634684516986709e-02
1.765761553515381166e-01
5.154893469757300395e-02
3.828078387017670725e-02
1.487568171310716704e-02
7.956086777927260170e-03
6.128330416490461452e-02
3.402500806110981268e-01
7.215651990296652850e-03
3.219904096896151341e-02
2.858833937066391218e-01
2.718018928898670028e-01
2.000033015354889688e-03
6.064788864344055064e-01
3.389323473408216436e-02
3.970951674769684359e-01
3.413703175225017705e-02
5.292739346501762476e-03
1.983624148614767935e-01
7.859201825119266002e-03
1.042004653531719560e-02
3.210320553881182426e-02
9.778504569826799997e-02
7.350935584897144714e-02
2.162036651303153034e-01
3.383296268930235245e-02
3.042956514501858958e-02
6.510111115772525270e-02
9.924827157955279713e-03
7.910450065911693932e-03
4.533239270484348132e-02
2.616039000515681112e-02
1.844451582942665813e-01
1.179438382935609209e-01
3.163282876491808615e-01
6.134245187853043513e-02
7.445787322609874470e-02
1.244468439925481701e-01
6.187359367351519951e-02
1.095532551461893787e-02
2.536532628923786059e-01
9.451482388566168069e-02
7.921346625372092942e-02
3.256642485913258112e-02
7.625321065454391048e-03
2.603373190408097074e-02
3.393837854726244885e-02
1.385122420927611675e-01
3.854730433404612855e-02
1.631685124670661027e-02
6.590309028950304404e-02
6.134230813020893208e-02
4.945758757062349714e-02
1.935910760839650580e-01
1.457333914137049977e-02
3.544000601061404049e-02
5.684847411572071380e-02
2.397566677779586208e-02
6.597720098602573302e-02
3.475314056496616594e-02
1.493458073240919171e-01
1.217493294943735177e-01
1.595972327372464916e-01
2.177740630288255430e-01
8.939971756069666625e-03
1.076346034683326458e-01
4.106316908492248230e-02
5.875550084422880015e-02
4.365547571149859182e-03
7.880358191164971160e-02
1.687083020130727409e-03
3.409578465973227002e-01
4.194619304466029597e-02
5.388922249238619067e-01
7.732592987626972503e-02
1.702927481788575614e-01
2.560083276396481894e-02
1.990262805016765613e-01
3.170687834139760547e-02
7.738217009353706710e-02
1.512799195540098958e-02
3.969110384587756224e-01
6.787483960972580561e-03
7.434585048269908292e-01
3.412010154021715563e-02
1.011270526042470086e-01
4.792434142956092380e-02
