2.709093368837822147e-01
8.610778696566814272e-01
7.907914284424926166e-01
9.545182423076172817e-01
9.759286563679778759e-01
1.591116776514726050e-01
9.526815518871543098e-01
9.640852092869121037e-01
8.238561094021280840e-02
5.956186962790762651e-01
5.902886181302833268e-01
5.481957666759620373e-01
7.496156468750285740e-01
9.048114920071326228e-01
7.825897134179917725e-01
9.577653900933335018e-01
9.828700341651843697e-01
5.113949698196723626e-01
6.980912268494871009e-01
8.606323700638119911e-01
9.082263792853385587e-01
8.400975446978994343e-01
9.571074202043570178e-01
1.256774406189994364e-01
8.655975710827567005e-01
9.447885678865121095e-01
9.533389042256338319e-01
9.378513294744846851e-01
9.487444908839839375e-01
9.205487860085828089e-01
9.775178017253733920e-01
9.947828803245006846e-01
9.845083018665627961e-01
9.586341674095288923e-01
4.914646963588853446e-01
9.806812554363597556e-01
9.769697351043573619e-01
9.927494914754545485e-01
9.402688929864497780e-01
9.352683736258309288e-01
9.880118472351842041e-01
9.760744985156505349e-01
9.855480436448136317e-01
1.917683087304694611e-01
9.858925977070320812e-01
8.891997509300636482e-01
9.235045993854466007e-01
9.936986406693143481e-01
9.927845636309396982e-01
6.141965832726679064e-01
9.417567212491855244e-01
9.947168325777695497e-01
7.496915855620779334e-01
9.610079376165434617e-01
8.013604722151543847e-01
9.490965418797576714e-01
9.830532092494815855e-01
9.732825110565254123e-01
3.726185066721607875e-01
2.502492351968088613e-01
9.712997042410039805e-01
9.919929977503015861e-01
9.841920985318337589e-01
9.679574540029722840e-01
9.738079237145356171e-01
5.245984445292065645e-01
5.842154646551622754e-01
9.589223209830789463e-01
6.980555928327373261e-01
9.785993594500822512e-01
9.854767607560319664e-01
9.627068708655281970e-01
9.598155153204998014e-01
9.665565691852895380e-01
9.856928148116581578e-01
9.869556006076783961e-01
9.859947597840248434e-01
9.331803059091752228e-01
9.503503978379083117e-01
9.576021520857173064e-01
5.292569559921160849e-01
9.834435069840105070e-01
9.457761551118839538e-01
9.834246958162927710e-01
9.033663265335233339e-01
8.933515875606758971e-01
9.479639874626674123e-01
9.858101515534716253e-01
9.407908180213642169e-01
8.932122096182393278e-01
9.781140796578365881e-01
9.540768513770836456e-01
9.433859179226518066e-01
3.354730314359786192e-01
9.737215365892528673e-01
9.720197878170775407e-01
6.439872814463420969e-01
9.167839004855538043e-01
6.024340062744262259e-01
9.859352744515261779e-01
9.728507359433046231e-01
9.949220402745858616e-01
9.645222796362395989e-01
9.602664146827846192e-01
9.331236900916740629e-01
1.840656565164050795e-01
9.674079328896838526e-01
9.628892396668636833e-01
9.657253959077337635e-01
9.673979276204576205e-01
1.160753187589101398e-01
9.919865128214915284e-01
9.660501610577395537e-01
9.666566274324486230e-01
7.927807116110376917e-01
9.414525607216778225e-01
5.529015851116964031e-01
8.827663096220802474e-01
9.513225292810137956e-01
4.858306732370476499e-01
8.316105176260710774e-01
7.884882447893080126e-01
9.513998414238307166e-01
8.636861516712832643e-01
9.135710009306328150e-01
9.641970512756687928e-01
8.208971213396911715e-01
8.959100803418296177e-01
9.317016218492014668e-01
7.427292079139968806e-01
8.312675843705468193e-01
1.057528822019549869e-01
5.988136255088660764e-01
9.641686200888632818e-01
9.282447025866626955e-01
7.015924592115641012e-01
6.667659097139069235e-01
9.492560281527118171e-01
9.516354781505091953e-01
9.167413017947089182e-01
5.057305668512136476e-01
8.572777291539707134e-01
3.675092558201332182e-01
1.975321766379111721e-01
3.955701186954573845e-01
5.053960994674800977e-01
9.137483361636922208e-01
9.511035992858617449e-01
9.519710298287784589e-01
8.641566568134763093e-01
9.874263866649586330e-01
9.274843209643219843e-01
9.324072512049007555e-01
9.766908810634380433e-01
9.615812451412644180e-01
9.702104928471105838e-01
9.946475762829006806e-01
9.104510152539442291e-01
9.354346115009199991e-01
9.994989166378740464e-01
9.627208176920789562e-01
8.437731621575754737e-01
9.619644506954476704e-01
9.634337102716841184e-01
9.720167568919729773e-01
8.848952700145022998e-01
9.322515185313914321e-01
9.691128407787716892e-01
9.862683458436388717e-01
9.733542225071265541e-01
9.881899167800113348e-01
1.500106790659858358e-01
8.495254486196928134e-01
7.167221799898836343e-01
9.548747094589068451e-01
9.732541386643832615e-01
9.400148484081758404e-01
9.930114643724636814e-01
9.692736769861154400e-01
9.813270127508587626e-01
8.674762051070844526e-01
9.219077387438473492e-01
5.010061917324142300e-01
9.802506235062012907e-01
9.658161520342247730e-01
9.432054501166535765e-01
9.657514012090714361e-01
8.940365743589892000e-01
9.390871374105558278e-01
9.699869337861561913e-01
9.529674021351025592e-01
9.736780166107578127e-01
9.335128758539906757e-01
9.445342871886986957e-01
9.615441625259920633e-01
5.051564749280686994e-01
5.682087755328484313e-01
9.517167283717983262e-01
9.108352988322041544e-01
9.657073732955430145e-01
9.581015901410394608e-01
9.272570568396707458e-01
9.094608732316917798e-01
8.907684299459788235e-01
9.393523662961676957e-01
7.709694691681734380e-01
9.605347084377593436e-01
9.496498645844390074e-01
9.928237023809882711e-01
4.415161137578538231e-01
9.852828351439396615e-01
8.856463707259001339e-01
8.970403954619303732e-01
8.761649981801888920e-01
9.660607864191793626e-01
9.709592375249486151e-01
9.813794236458229792e-01
8.831466438272362884e-01
9.526657567338009391e-01
8.951765041468600081e-01
9.398768237833449168e-01
8.233330411087550482e-01
9.628775524693827803e-01
9.680459944206868395e-01
8.541526056293489155e-01
9.345431440885556551e-01
3.362868198606044357e-01
8.858891658337553210e-01
1.816143771480941971e-01
8.996090595074511809e-01
7.929654785903289538e-01
1.319172332894027466e-01
9.832243452023790020e-01
8.680890198249073819e-01
9.696228399525295139e-01
9.183719846733195968e-01
9.857243640066591928e-01
9.779982163635684289e-01
9.701006137918599670e-01
9.737840567376793155e-01
2.930693247650422162e-01
9.535932782740919045e-01
9.919256528327692335e-01
9.965647236390324792e-01
9.953939331606603824e-01
9.932757560273847153e-01
9.914431451464357226e-01
9.694564120687588771e-01
9.658006852935854258e-01
7.924149231375010594e-01
9.832169030283001154e-01
9.622992781417297747e-01
9.285068379055447796e-01
1.296422036147615309e-01
9.833534550499678506e-01
9.748295445527027647e-01
9.823706886636409674e-01
9.173390630373113863e-01
8.147729342697674904e-01
7.289525293507647108e-01
1.769556918470713835e-01
9.406850620373332639e-01
9.776121323508027983e-01
4.834602864076212314e-01
4.470959794925494224e-01
8.980548071929180809e-01
9.908515907489261476e-01
9.453351545455013216e-01
9.839516863121327006e-01
9.798870263323713470e-01
9.866384581982643454e-01
9.861951520462655107e-01
9.084102352103217148e-01
9.518721335707931441e-01
9.363733744644625601e-01
9.808461841001751003e-01
9.223563631790249184e-01
9.727090129486020142e-01
7.251411916280463554e-01
6.223078548996126003e-01
9.441985504312555566e-01
9.754508682300744304e-01
8.944263793049798128e-01
9.572608516364514708e-01
9.767344806740002605e-01
9.806038982888323208e-01
9.810423335708858827e-01
9.865469291727922974e-01
9.671406520290692921e-01
9.951717761054295064e-01
9.917915543498954101e-01
9.883792590194347971e-01
9.929765965496527569e-01
9.817173874438089864e-01
9.507461621335900892e-01
9.817593930895118781e-01
9.666325847034015206e-01
9.876410945800973007e-01
9.762606854626717512e-01
9.824536943931605482e-01
9.804741547397219925e-01
6.308171676969909214e-01
5.343059323221203138e-01
5.362080518075877933e-01
3.286360319076397918e-01
8.651920483882719060e-01
7.167069753821653233e-01
2.851422490663539921e-01
9.485728302340343809e-01
3.718201676302065883e-02
4.860155063412709420e-01
1.789932911442677077e-01
9.795156867604560835e-01
9.781290778926368112e-01
9.615905917810779746e-01
9.643694984176985896e-01
9.668880539026810661e-01
4.353021830132894898e-01
9.319766824268134187e-01
7.942394885364997270e-01
9.421716782196023487e-01
8.563419497936946012e-01
9.575198506998466863e-01
9.721416740406738644e-01
9.534710363326438509e-01
9.746974057878177167e-01
9.787617077882766470e-01
9.701432053698394453e-01
9.505047026033607294e-01
9.721429789164192092e-01
9.559045842129996196e-01
2.725193258636169902e-01
9.476743237295092159e-01
7.934861316258214892e-01
9.576589762428352470e-01
9.578956062395204141e-01
7.813385685557181493e-01
9.336879710100841334e-02
7.660917057320936197e-01
4.344823231907273681e-02
9.593384372689091055e-01
9.553368854184032255e-01
9.271550756079857125e-01
9.755944620186066674e-01
5.673831618425667633e-01
8.817361072473390848e-01
9.894019516048836449e-01
8.043688522534848673e-01
8.315956121497727338e-01
4.572249395148628714e-01
9.220376531611927939e-01
9.599745111518751539e-01
5.359879933163463894e-01
9.452598074706946019e-01
9.853907400355758073e-01
9.642346685332124911e-01
9.754988611985594416e-01
9.819593246306899115e-01
9.289198631741528711e-01
7.512509491608458934e-01
9.404559280283569800e-01
8.784473106622272542e-01
6.953994678035373411e-01
9.679589259965304393e-01
1.882083792936750377e-01
5.771587650146162707e-01
7.977844214229793396e-01
1.704299483324539788e-01
9.348315441391982228e-01
8.850038652425182839e-01
9.665707239467870027e-01
8.190966372370343807e-02
9.795415228456024748e-01
9.309749943495547742e-01
9.775366583396173370e-01
9.787291669828184215e-01
8.907182429500021259e-01
7.717892398269270426e-01
7.696870679871861132e-01
8.749699044034798812e-01
5.665306592988622603e-02
7.233771242977452554e-01
6.066261897168300221e-01
9.897160277390578687e-01
9.954454826232939091e-01
9.568484871895793775e-01
9.564464117960991274e-01
9.619366209380489918e-01
9.858480793496040562e-01
9.919997461906193692e-01
8.176817340442306126e-01
9.420482877224397589e-01
9.436394978697457692e-01
4.525740536723968366e-01
9.899506265453253961e-01
9.778430479071831272e-01
9.865966430069430526e-01
9.537408100990670823e-01
9.858527969307381289e-01
5.521593367095976035e-01
8.523242648591929094e-02
9.382794001204796119e-01
9.518029504263159080e-01
9.498834443132687655e-01
2.364920064817167544e-01
8.465397523171871441e-01
7.252639350762266623e-01
9.901286797095060210e-01
9.483696477316763129e-01
8.663849165460816293e-01
9.795139825106387033e-01
6.864272791943655250e-01
8.142832089954792352e-01
7.969003942335893820e-01
9.912155897088009704e-01
9.500992822512303038e-01
9.795647438827395082e-01
8.933578259359522544e-01
9.537318846726493549e-01
9.534115260689982607e-01
6.762785277732402678e-01
1.474454749598764214e-01
9.563029410303991451e-01
4.615026198038770233e-01
7.997349271659291992e-01
5.253131844288544405e-01
9.242125424875478057e-01
9.379750192202076509e-01
9.055086435073644857e-01
9.964025487193457487e-01
9.508627397331702591e-01
9.711125414730513716e-01
9.457809922457341978e-01
1.389338287935833194e-01
9.619883666780822962e-01
9.460778316224772722e-01
7.058644606505196650e-01
8.060757505116039612e-01
8.481708889178963817e-01
8.070702092831238961e-01
7.081688832327091010e-01
7.747820173007516908e-01
2.910254537163156630e-01
4.543136127198367236e-01
9.731191315730444158e-01
3.040727520924867422e-01
9.445273690782338694e-01
9.315150205275855022e-01
8.220553356226765196e-01
9.742808235056932276e-01
3.648964558751459086e-01
9.680479926790103162e-01
9.235550803722830659e-01
5.345278620506437317e-01
9.832827659304099743e-01
9.678931258016066908e-01
4.721512078943170265e-01
8.780065883954130124e-01
8.669037639223711178e-01
9.409220697980495984e-01
9.187827078068946385e-01
7.302715679357359990e-01
9.954813810756234504e-01
9.928883936510582986e-01
6.391101997631265519e-01
9.786742925341266330e-01
9.210449610817400545e-01
6.138367206717983970e-01
5.755762160882779144e-01
9.630270682624432199e-01
4.764690234777725353e-01
5.953001017363321878e-01
4.535919326858340872e-01
8.706967793831745794e-01
9.688916084695743391e-01
8.886127633127489656e-01
9.901901434306391581e-01
7.922149251539691850e-01
9.865939167441294400e-01
9.828309256983419617e-01
6.004234884107978454e-01
9.428285070483581887e-01
9.673793322995842825e-01
9.946261248725909443e-01
8.973240348188988857e-01
8.916062081577375009e-01
3.654591711199802195e-01
8.817491070644504214e-01
8.723789683944827011e-01
1.368435424966642500e-01
1.312139592441164716e-02
8.520588117444386489e-01
8.934278890616589308e-01
9.724592020773434875e-01
9.674514871772830205e-01
9.079154133207565369e-01
9.116395026138358615e-01
9.475416533413295594e-01
9.874144853216557660e-01
9.092141565542779524e-01
9.519441360324225609e-01
9.095295925714179663e-01
7.993420133340591871e-01
2.132806353080762829e-01
9.837184792356667984e-01
9.737368106112056498e-01
9.278544813123176249e-01
8.555233468238959693e-01
5.359160964278708583e-01
9.783963195014393488e-01
9.691844280752841545e-01
9.613100589094505377e-01
9.623735583154633400e-01
9.622698765851697145e-01
9.792784234712714753e-01
9.148285662202699786e-01
8.573973321371596290e-01
9.541050989574723085e-01
9.624606241702019505e-01
9.687395747159441850e-01
9.442307586086954307e-01
9.345969460872807222e-01
9.517503770398898499e-01
7.740873501820929592e-01
8.708041962095267596e-01
9.042071526868764586e-01
2.655206451745121821e-01
8.307751006554934259e-01
8.740014672068983081e-01
1.331959285127445047e-01
6.776506123073774424e-01
9.353607921006142911e-01
9.673686964236440922e-01
9.779998026149294699e-01
4.830373884044119603e-01
9.523109509960281382e-01
9.737213372549865520e-01
1.402320814206797772e-01
8.807159532440383964e-02
5.374125047766173391e-02
9.085540872826841641e-01
8.951626135094592485e-01
8.676941392734108804e-01
9.340332560170712117e-01
4.125021909082275395e-01
9.317069417427422673e-01
9.512672454639820030e-01
9.658686690799169750e-01
9.514458966868210021e-01
1.088850787016279742e-01
2.306409787637691833e-01
6.434324868609184733e-01
7.607621111793301250e-01
9.751341490170115645e-01
1.820779018658998383e-01
6.777236703887069558e-01
9.805329883090964094e-01
1.999368270253371882e-01
4.257487305236382080e-01
6.677558028177306149e-01
9.535875768412310771e-01
9.804270757940450887e-01
9.816594445004295233e-01
9.655430092744045067e-01
9.608661401994247342e-01
5.105441885625110476e-01
8.376840728409731263e-01
9.698714047226946189e-01
9.657429913609616445e-01
7.145797367656481214e-01
8.242204187249664304e-01
1.837889645138291728e-01
1.240843872591789465e-01
2.243910703385202515e-02
4.253546512763060061e-01
8.014546270018463314e-01
9.255035506165080195e-01
9.950208832379049406e-01
9.821774728366757801e-01
9.061509400329958996e-01
9.851211095047583965e-01
8.942184682102678472e-01
9.842637226922561489e-01
9.618646898627944974e-01
9.768907769808158337e-01
9.838867465616780716e-01
9.827186191552180761e-01
9.695025292104277881e-01
9.566291877679898858e-01
3.464395730661708472e-01
1.470134395017045625e-01
3.279092336710831002e-01
9.503416074857109486e-01
9.759384861866363670e-01
9.599359624384278256e-01
9.627553004359351574e-01
8.774828930081050027e-01
2.717642209269894860e-01
4.737978816784623737e-01
9.923971051464886006e-01
9.488450399477038610e-01
9.821176597289990040e-01
6.026546687184811124e-02
9.721669224927843578e-01
9.966430823453339416e-01
9.770891555710974341e-01
9.840716219053478042e-01
6.064325136859636256e-01
9.846786975743856418e-01
8.438709204629940563e-01
4.988941967969247049e-01
9.771612731090593140e-01
9.719972044525019284e-01
9.718195571198010585e-01
6.212379494943388591e-01
9.709954680329437871e-01
9.759547668704812162e-01
9.627742367523902667e-01
9.424801872335401010e-01
7.351324343952277962e-01
6.359650964067652401e-01
9.724901136294200610e-01
9.684017823850917805e-01
9.810192699941655547e-01
9.977712937416715056e-01
9.829720471545545513e-01
9.801495703660935144e-01
9.906765751125147235e-01
9.909206950974238648e-01
8.994314468878330526e-01
3.894648644216735511e-01
1.027498577173689698e-01
3.957454034280421529e-01
9.518329489913467389e-01
9.614522958794187169e-01
9.470644030920931655e-01
3.187031184972546338e-01
9.505958118594793893e-01
8.900682341834086353e-01
9.534016289902399466e-01
9.772459225602638799e-01
9.872133157793309133e-01
9.901347206641053500e-01
9.807481378727564980e-01
9.548606019965517611e-01
9.888427931567306262e-01
9.448589588027341835e-01
4.531930625674049362e-01
5.036709005819506313e-02
9.065752451912781895e-01
9.460908054818610857e-01
9.697893589934589720e-01
9.877563959824361417e-01
9.527926835702515973e-01
9.634954103936653746e-01
8.326180339603101999e-01
8.197561902197108008e-01
3.909818715094540154e-01
9.134197874846350373e-01
6.852031411744555767e-01
5.887889900207913252e-01
6.833152795953176817e-01
1.356879134336775872e-01
9.409824118811137561e-01
9.022100231842710150e-01
9.415780334589562983e-01
9.790782510205200406e-01
9.382444966237460937e-01
9.936075780389060919e-01
9.554551697551584288e-01
9.421474807842383781e-01
9.440826018832974009e-01
9.767296770450929477e-01
9.730523168939672063e-01
4.731816407660499602e-01
9.355916390725823595e-01
9.807127783867835014e-01
9.874485047222608669e-01
9.916430812311587406e-01
9.899822196406639074e-01
9.880588366547345958e-01
9.855339216529249713e-01
9.465255018331951709e-01
6.678202239656181316e-01
9.227005917809454338e-01
9.783843373980233293e-01
9.392069311537474263e-01
7.596505809249681773e-01
9.750341821654281427e-01
9.936169983539505646e-01
9.975840780819942299e-01
9.807207122552634715e-01
9.904578582042715684e-01
9.779052358386830512e-01
9.970734449306378755e-01
9.918997364337851508e-01
9.928158540544225197e-01
9.877093512202689274e-01
9.734098476607535577e-01
9.888246534939556520e-01
9.643476673996640436e-01
9.929511283391980747e-01
9.833372957305862583e-01
9.756088283647830206e-01
9.763607657153410280e-01
9.844035980268428521e-01
9.358986646272166032e-01
9.929201849534440294e-01
9.885189154569457015e-01
9.721718917900465939e-01
8.489269197513007459e-01
9.825798208143470269e-01
8.632149106515651926e-01
9.788102981754042142e-01
9.616908565155785071e-01
9.751583568346434694e-01
9.490781513875264919e-01
8.495715351036646767e-01
9.787840350716399129e-01
8.868663023511281773e-01
9.763486395686760133e-01
9.622118529014499488e-01
9.536959388802174198e-01
9.281960323168424454e-01
9.276963100355998249e-01
9.699970653683707145e-01
9.803351515395926086e-01
9.808746463034059282e-01
9.168576851714583809e-01
9.519519167355212641e-01
9.786895763312868368e-01
9.851353414995845936e-01
9.586690680306917400e-01
9.773934575824723137e-01
9.954350980697703744e-01
9.716259595888875333e-01
9.432075138672971759e-01
9.941997955388157671e-01
9.961784315345924012e-01
9.549391834529178391e-01
9.781013756382267443e-01
9.855172147304294139e-01
9.728718966885369079e-01
9.655155900831861038e-01
9.921988624372877208e-01
9.842095775377318612e-01
9.632640773810658974e-01
9.588095271853108725e-01
9.702649938667314844e-01
9.862734759456535105e-01
9.435131740163400504e-01
9.588468644962193643e-01
9.035359355253240743e-01
7.910830492240824574e-01
9.786677344128845712e-01
9.612362577237301142e-01
9.889149676342736672e-01
9.860489323047154642e-01
9.843739839294403104e-01
8.300010777309759780e-01
9.770779106306277662e-01
9.735892495614205666e-01
9.233410461517873591e-01
9.462350977068636482e-01
9.487114279736760247e-01
9.728989111590047312e-01
9.959293171194981698e-01
9.841404482441213908e-01
9.145296915403601234e-01
9.764964995701074235e-01
9.810041257414329197e-01
7.910159218879463383e-01
7.204092743185839254e-01
9.652503986618412579e-01
9.715677125880161080e-01
9.155974644152221620e-01
9.785137070234960488e-01
9.664866208265489034e-01
4.722526942813597972e-01
8.870638399475251346e-01
4.658007536642917445e-01
9.771712944561320446e-01
9.067825403681717411e-01
9.361280160436392661e-01
4.232976340806348103e-01
1.843579476153499874e-01
1.365010626103190794e-01
8.013811125088096121e-01
9.647373690029756865e-01
7.933956612988053714e-02
7.081494027985189010e-01
9.552336024514347379e-01
9.507766270219878413e-01
9.184866627926941973e-01
9.343665776754742636e-01
9.221260638362563933e-01
3.492637277064861712e-01
6.746368987292955532e-01
2.439154537897565977e-01
1.317558862946584808e-01
1.504283612665931469e-01
3.970191387954932760e-01
9.947955567028120560e-01
9.930296516668836171e-01
9.898310357920920843e-01
9.557338733922522422e-01
9.134406274093600508e-01
5.329619006272284798e-01
9.855200176338174689e-01
9.683252986053799694e-01
9.488082302341892538e-01
9.756478362689487982e-01
4.201840377362356382e-01
9.511154015549135865e-01
9.187430275796368839e-01
8.288305091269693170e-01
8.905132173684264796e-01
8.764541313941367484e-01
8.556591908272503932e-01
8.582921367001611346e-01
7.146276274822999097e-01
9.751855267159603713e-01
9.597471296378183858e-01
4.460043895079863208e-01
8.893796776229048184e-01
9.167936961601959034e-01
9.223907698366288210e-01
8.408644388420568605e-01
9.097890071107331833e-01
9.702254314687092096e-01
9.540152169163556017e-01
9.533940483689482548e-01
2.404482502091230198e-02
2.353712725651914764e-02
8.357368030176461071e-02
9.052896901463066692e-01
9.247001163846799709e-01
9.180765333508492665e-01
9.445583859063209076e-01
9.633486525646370868e-01
9.463347718949869369e-01
9.709204670916515845e-01
9.309287614662281607e-01
8.902980935789490680e-01
8.796129123225446822e-01
9.454653197907114670e-01
9.774852043970073678e-01
9.397516029887907907e-01
9.551013130649331773e-01
9.688305332406497161e-01
8.681263678838814224e-01
9.441812810623152474e-01
9.598414225820729451e-01
9.196083318685273067e-01
9.067185917005898821e-01
9.629562434436065299e-01
9.582514818160081660e-01
9.612814522970558606e-01
9.760508782812125084e-01
9.360319432998532863e-01
9.148716661248458282e-01
6.646175898085957545e-01
3.361388091105416143e-01
9.446731728606396761e-01
9.555397233345855890e-01
9.854494517402722087e-01
9.891722967152406509e-01
9.736120744189779019e-01
9.676152383396130485e-01
3.000912422542013624e-01
4.370201794788023952e-01
9.809646012341736165e-01
8.591701045676000126e-01
9.922502665134699251e-01
9.975968557517158608e-01
9.864843541131776972e-01
9.389503615853350693e-01
2.520937300698783967e-01
2.770866159414807628e-01
9.168717743405837561e-01
9.551753358960852758e-01
9.847161058643230103e-01
7.569548859997055068e-01
9.635718334485067205e-01
9.703206962492337828e-01
9.413784893872878534e-01
9.772884702176354299e-01
9.545657762274655234e-01
9.621108048080621034e-01
9.828065721229581886e-01
9.605294812454253650e-01
7.976603815002560882e-01
9.517108893844331563e-01
9.446410861520562197e-01
9.342425535424452310e-01
8.929950831456613392e-01
9.497099807647361169e-01
9.869134925306756179e-01
9.566305363350146029e-01
9.486773202202365418e-01
9.675075554088564678e-01
9.917564246051044918e-01
7.945364625117844470e-01
9.871157255430552668e-01
9.138486563800192197e-01
9.646412491622391450e-01
9.728091070559883313e-01
9.114522038821017969e-01
8.452948723567369482e-01
8.942364906270957592e-01
9.476372399729942053e-01
9.229815570775652400e-01
9.406353530727173951e-01
9.637285078768423885e-01
9.720656904543926169e-01
9.604457471559667558e-01
9.442598034723613809e-01
9.635320576881699628e-01
8.990790638057990503e-01
9.487770258541133872e-01
9.276698668542701087e-01
9.788739891870050780e-01
9.640931592498495073e-01
9.598648508327071172e-01
9.545415563842108986e-01
8.783504773452246450e-01
9.610042211703102577e-01
9.254724152966838924e-01
8.926226304061631867e-01
6.020107778698675638e-01
9.367063172536357341e-01
8.972710547454803010e-01
9.432067463664782769e-01
9.293457873265643654e-01
9.137618693832394445e-01
8.741678789798007498e-01
9.677548604812612476e-01
8.898855485246970343e-01
8.146986288266057086e-01
9.112164459193284882e-01
9.201723778900259276e-01
9.241715698060390949e-01
7.905799484690995138e-01
9.223262900371166362e-01
9.585935627065129694e-01
9.394811335078063763e-01
9.457686433747611865e-01
6.849665960411538412e-01
5.043649149267975806e-01
9.316468968773991000e-01
9.119220058930906925e-01
9.846178880973971426e-01
9.017671982984213352e-01
9.232984866820747039e-01
6.492390240666955359e-01
8.779971859231523457e-01
8.584078751620470848e-01
4.698168899921150166e-01
8.431060686731453035e-01
9.469498152274458125e-02
9.553622830932281262e-01
9.151315639474724151e-01
6.032467907815074470e-01
4.749567487402267529e-02
7.330709909217215936e-02
9.786455986871521739e-01
9.626612705674074677e-01
9.363424551330691292e-01
9.891477507592806306e-01
9.442178918077439587e-01
9.943893614413182869e-01
9.817478258955838477e-01
9.142396145711195743e-01
9.771531127364047054e-01
8.714132525401705465e-01
7.308954163381093938e-01
8.701179126997941049e-01
9.809492697076376277e-01
9.738917092294345768e-01
9.288182199050484256e-01
9.692705684672036082e-01
9.614683288297651842e-01
4.363009869847345179e-01
1.970991280700894743e-01
4.668089808915659167e-01
6.605642657618974178e-01
8.097878934536681950e-01
9.599936572569893745e-01
7.634921704169145285e-01
9.151850560317702499e-01
9.513690966218998346e-01
8.014269298519097751e-01
5.197054506536579604e-02
1.251772101431513906e-01
1.496047945603595775e-01
3.904247687744709372e-02
4.256606006206094944e-02
7.585545711395524915e-02
7.294062972770568032e-02
1.921868285833996243e-02
3.242934689564799244e-01
3.015673501466025197e-01
1.302192165595661248e-02
4.460218138172697411e-02
7.729307079668679137e-01
2.509803453859237032e-02
1.738479371781002231e-02
4.856790401858623873e-02
5.739940244278576853e-02
1.334289590049809460e-01
1.195613013314416606e-01
1.170858094204535044e-01
3.938618088104264836e-02
3.008792984587163044e-01
1.059382432130655423e-02
1.000102979001846332e-01
4.997263658749858534e-02
3.813421152596611907e-02
5.139841737244711661e-02
3.548817929427374729e-01
4.358069022424804900e-02
1.024015890160210607e-01
8.057801204540801510e-02
2.227792683511673616e-02
6.993417453451161725e-02
7.575066384046057200e-02
2.016196289152535209e-02
2.173805620766092531e-02
7.122840650834520726e-02
3.313367597073694770e-01
1.365619677829421064e-01
9.796047948195557575e-02
9.110207028417459663e-01
5.050169471787191444e-01
1.656824287913785110e-01
2.645400707528194201e-02
8.435417230660893773e-02
9.365761341512592042e-02
1.058557456783789791e-01
1.767169198159749058e-02
8.647773136522053650e-02
1.513681759158730100e-01
1.355521809113235943e-01
7.292884753314407553e-02
7.357026037155749154e-02
1.565165144074213283e-02
2.931923230280611969e-01
3.365237405096556389e-02
1.420248208178962745e-01
1.020607507024245096e-02
7.876020901400049290e-03
1.695973660824491927e-02
1.354898996156012232e-02
3.643965473069429861e-02
1.618304711980796395e-01
2.067749389188213716e-01
3.367246907674980028e-01
1.647680059713194090e-01
8.699441148053396189e-01
1.771861974905405979e-02
8.639726998893152571e-03
2.708938312867155071e-02
6.682124028434631713e-01
1.235989822563829665e-01
3.319970626311347095e-02
1.527128537566372624e-01
5.030535778622664544e-01
5.904981572472716052e-03
1.593436900699119266e-02
4.740447649121480866e-01
1.495938642305855992e-01
9.042023852106320994e-03
9.339443840946213063e-03
1.380319794009764178e-02
8.252558806640425404e-01
1.741286353534061970e-01
3.783554046021356254e-02
1.370592642706607300e-01
3.175535021049568640e-01
1.211468839226381294e-01
2.264686631108106529e-02
1.666403296187778382e-01
1.880837688003521302e-02
1.043011269285626652e-01
3.958178732305261960e-01
1.170234263121817248e-01
5.520273707744448588e-01
1.084766517161198617e-02
9.968854525601879291e-02
3.656214456318187395e-02
3.278160408513183244e-01
3.397973316371935906e-03
6.977517475680596049e-02
1.770987622337743053e-02
2.473881044660581480e-03
3.452096860248394794e-01
4.088853523944740997e-02
1.606611406131432107e-02
7.491007646511982365e-02
2.445335330247069838e-02
4.395039385936374415e-02
1.169055508572882929e-01
3.082275282486239831e-01
7.673417553441300686e-03
7.218018565722233992e-02
1.099872647289642652e-01
7.986720417410138328e-02
5.746741366761638770e-02
4.251114861348972290e-02
1.002307221287715294e-01
7.024926524719460330e-02
8.210541240512914118e-02
7.451511613272890355e-02
1.371379457489073916e-01
7.487109460813379247e-02
4.387667688780057251e-02
6.894094250508393806e-02
7.324214454544826503e-02
5.598338075519188051e-02
2.194421985392702723e-01
1.106347018689406297e-01
2.053634391419277214e-02
1.744709664722053355e-01
1.901327201083277130e-01
1.069080520122341060e-02
2.174749015092392879e-01
8.170403645937425463e-02
1.616178470211271090e-01
6.690247505488079727e-02
3.594767174638307528e-01
1.891757983775492133e-02
1.489811509035488500e-02
3.586428237683154108e-01
3.416512737133853284e-01
2.078311447238643528e-01
8.328011621808871778e-01
3.210813544406982412e-01
3.267188833172272877e-02
2.886748966405615693e-02
1.180785508533422346e-01
2.475629840821334457e-02
2.929781978167704526e-02
3.875968034496271586e-02
6.887296327135258300e-01
8.376670932069374409e-02
1.556011296781626141e-01
4.010342345695881716e-02
2.659273220824091011e-01
6.066406447936145002e-02
9.616651749611744293e-01
1.680968839767098266e-01
1.035614914069801946e-02
3.976146745906315449e-01
4.631201482752142495e-02
5.543125374249804199e-02
2.096415250195396152e-01
8.407532103458628669e-02
2.371829223236246106e-02
2.666871513662795179e-01
6.946854213368822140e-02
9.414641967519331300e-02
8.658459022767216184e-02
1.023330623371937198e-01
3.059388764075989670e-02
2.168741932413914830e-01
2.632699922236793055e-01
1.002761849845618392e-01
1.234368574624379183e-01
9.607144027832469069e-02
5.928500551143349728e-01
3.191760380351835735e-01
3.595126702565293320e-02
5.441922892788151334e-01
1.667435525081820413e-01
1.344987271498342407e-01
3.150060911469021452e-02
3.997579160666498432e-01
8.628913943503067063e-01
1.600672476886873530e-01
2.585185097856819159e-01
1.090692193881001998e-01
4.940561223232856070e-02
4.288524394994137068e-01
4.637867299306415447e-02
8.573378297188728459e-01
9.372120056410112587e-01
5.166942588453501961e-02
7.417422509738427761e-02
3.349911103451252981e-02
9.171781753524248515e-01
6.822579782049355279e-02
1.478865279727150511e-02
5.297922983738870967e-02
5.767423454684765527e-02
1.000915190216433437e-01
5.092688871147991320e-02
5.988426047816991504e-01
1.472867503350673291e-01
2.062663398554022975e-01
4.411223287255120473e-01
4.823724424474781780e-01
1.880719589755565080e-01
4.825863514395682397e-01
8.747159272042555056e-01
3.184158086443099334e-02
6.255376362271697355e-02
1.786972151364808192e-01
2.367933969042572973e-01
2.093241634291169093e-03
9.237947328949967785e-02
5.449703933332949307e-03
1.643708751026087267e-01
3.610205506168668310e-01
4.808281206879738146e-01
2.995698627700474348e-02
1.601661977286724103e-01
6.228295005577779569e-02
4.100035309527615829e-02
1.424206400644357495e-01
1.383883142337740957e-01
5.947090133875678614e-02
2.531055007624300468e-01
2.002052808720479818e-02
1.101955978653317431e-01
2.763651657906577089e-02
7.479790518318989168e-02
1.425009602185636597e-02
2.791204207338444654e-01
2.992089289572178942e-02
8.344767836458445373e-03
1.897976888927705719e-01
1.010370302617194099e-01
5.864483082106528716e-02
3.448144305786255553e-02
3.057263196246348680e-02
7.019649605878569565e-02
3.121735803972456869e-01
1.539404878954444555e-01
6.628089492952473627e-01
7.458352772962132358e-03
9.681426540236079958e-01
9.487496442708467925e-02
3.542063923652349899e-02
8.264906143679007222e-02
1.149766473869612698e-01
2.633894451088264130e-02
2.081100837763102396e-01
3.159724015523297513e-01
2.131839056913544805e-01
4.586252723886009852e-02
9.041108214851070191e-01
8.409000516988505980e-02
4.720433687787738974e-01
3.582428957434199979e-02
2.108084875242079159e-01
3.638455604959930229e-02
5.033856393284444342e-02
2.307648560484354960e-01
4.285616121773600518e-01
1.530003813617863972e-01
3.518918417395042186e-02
4.434195367988078562e-01
3.587418833304211740e-01
3.208206708983401406e-02
2.310793637862774697e-01
1.688302257276662610e-01
1.316308079043791435e-01
1.493767878847470643e-01
2.174461831219286490e-01
2.186384716661055744e-02
1.690338914982618124e-01
2.003444146262601810e-01
2.238097045838433399e-02
3.356303100762646208e-02
1.937260305689531004e-01
6.059847666989382625e-02
1.750579392711897053e-01
5.625666929175186098e-03
1.718457395086833706e-01
8.536319751539045431e-01
4.209031185943992726e-02
5.717011166199192224e-02
5.105202941797155891e-02
3.670126306240627939e-02
1.219087497209050963e-01
7.174803068863344624e-01
7.833891325437537523e-01
1.312603087879202768e-01
1.626635788193083257e-02
2.862626114732744753e-01
1.432800065755839569e-01
1.044911457728875670e-01
2.914775625549627380e-02
1.105159541558762837e-01
4.264203010687379614e-01
6.800592572063518526e-02
3.208651048308579223e-02
5.042622002173768880e-02
4.816966344632591102e-01
2.068118322952415267e-01
1.435560456297027034e-02
6.579513854687980834e-02
5.816272781947998127e-02
2.067418111458522167e-01
3.135169589907267351e-01
8.607385456522028688e-01
2.683846793126211730e-02
7.600379924242375296e-01
3.501170454345545191e-01
4.283894032819398068e-01
1.732346074229185531e-02
1.997278131601855633e-01
5.661806852733058254e-02
7.966581466009962920e-02
2.072732888845897278e-02
3.229258795178047148e-01
2.430916269525152384e-01
3.621846175240366061e-02
3.663892484178030845e-02
5.661722670213634873e-02
4.724771094237310148e-02
9.620840976774511222e-02
6.752863904707571974e-02
1.039123503262252418e-01
8.102195046414215757e-03
2.594297901306096832e-01
3.892476564611586226e-02
8.887910008646580096e-01
1.628503410475703184e-01
6.284293233509814780e-02
9.778526275684727709e-02
2.674308216322410225e-01
1.936734696157496605e-01
2.115223789016632550e-01
3.520486939723042191e-02
6.300005095183197623e-02
3.256575283394552711e-02
2.379387205587497334e-01
1.335935843628517361e-01
1.474856190176409010e-01
7.188094713710097006e-02
1.399625023705200200e-01
9.160631363166994723e-02
4.080050568904256686e-02
1.973587963023629988e-01
9.968745058088082645e-02
7.213239040773683497e-02
1.700114521401612303e-02
7.739112049533099225e-03
1.237000731641411111e-01
7.581823701194645437e-02
1.256942609885967899e-01
3.419895368501729618e-03
8.515812464706348783e-02
1.349921651013176460e-01
1.914204310256468755e-01
4.184611217733196220e-01
8.984483718585312140e-02
3.349928150284772754e-01
2.789421815855907053e-02
1.979639801772296037e-01
6.672811973621955994e-01
6.390999794808566170e-01
3.790636403459120979e-02
1.667958860069282748e-02
1.511474186206362980e-01
8.166119625737307264e-02
2.520380128787144333e-02
5.118080382073095930e-02
3.648161156927895443e-01
3.755834674744323309e-01
7.274276303340680705e-02
1.035247197755490983e-01
1.263812831508256684e-01
1.293537758312317265e-01
1.000784822612486857e-01
1.942661091578646443e-02
1.443389584032479279e-02
2.359397932417005295e-02
7.150986864046328384e-02
1.857683192708649636e-02
7.662341446802206635e-02
2.526690397115757825e-01
1.917706896095496549e-01
1.780015087231182624e-01
3.917148128048448807e-01
2.419489756260418539e-02
1.518253352984863802e-01
3.593909553965947412e-02
7.341498510355475293e-01
1.315972417699791952e-01
2.344688417951532391e-02
5.685120112805226722e-02
4.683877284275563269e-01
5.485915955686519047e-02
2.986144598756355212e-02
4.399799519451909335e-02
1.163919193341971664e-01
7.905435593373476288e-02
3.593594452577639209e-02
2.238755932671800952e-01
4.825239484123361455e-02
5.264829995164924809e-02
1.685492003756686868e-02
9.877381159258921128e-01
1.655934302281963644e-01
1.260152179851386882e-02
8.053623836511951406e-02
1.713394394781117824e-01
1.705714573824944902e-01
5.660311728114151772e-03
5.962268154832146144e-02
5.450211828697271166e-02
1.073737460291094570e-01
3.809735064946092598e-01
8.665114503217639236e-03
1.525445072121611179e-01
2.502788110484554726e-02
1.044027582959115852e-01
7.625120000318384994e-01
9.653617870459023365e-02
6.904285939881353584e-02
4.807584160740365209e-01
7.412227200227780033e-01
6.467041932556895356e-02
1.346547469756494697e-01
7.136201502629896387e-02
3.181847172076313762e-02
1.462676508359347649e-01
8.513546860901204105e-02
1.370604813602466915e-02
3.327259024816033861e-01
5.729597590752223690e-02
8.608221336779984245e-01
1.100318644507295163e-01
1.098372018771384545e-01
9.391545534939529927e-02
9.886318254564084584e-02
1.196427476115472788e-01
6.084002038844693594e-02
2.356277830294531417e-02
1.168194621385632848e-01
3.833673847272938556e-02
1.089716145588492807e-01
1.855061515455494470e-01
1.669389880834655782e-01
8.908181961139984006e-02
6.035550370200556958e-02
4.115529360631884348e-01
9.372623905669770494e-02
7.725300133140881875e-02
9.297609996701230312e-03
3.403288988339366050e-02
2.378181529079787318e-02
2.897707966122906043e-01
2.711811124658500619e-02
2.242699185271660248e-02
8.087229211052894551e-02
4.310004045618080065e-02
4.660117530031390037e-02
2.161789500813632026e-01
3.651996045230879173e-02
4.243946352411324952e-02
1.008208534517785471e-01
2.844215538476607685e-02
9.772004261832081262e-01
2.539284901603676078e-02
8.434012314281023881e-02
9.563393289363514294e-01
3.018465784793726917e-02
1.209562199320194861e-02
7.348624695139284457e-02
4.426497638658842271e-01
9.592657836648026404e-01
1.968736469494516972e-01
6.082601237565326419e-02
1.232101732680035838e-01
3.752546255007914444e-02
1.632809901895378168e-01
3.707259306953695176e-03
1.125742041210346933e-01
7.717253202177175309e-02
4.503442530527458354e-01
3.126602007269570493e-01
1.263584478621945784e-01
1.700934801826635701e-01
1.164583762526288785e-01
3.766422387216225402e-03
4.000491161157132547e-02
2.997933431662694673e-02
4.281048817351947311e-01
2.371340908111935208e-01
3.322087935802420233e-02
1.334404512637929821e-02
7.229957749324390781e-02
7.879277848529400718e-02
1.020125998223520708e-01
7.594470897568374526e-03
3.603973438517559802e-01
1.827204170953089513e-01
8.823483643782750740e-02
1.134908733407482551e-01
7.185153138472066825e-01
2.999810105065841004e-01
2.612130226650434817e-01
7.776614151079551396e-02
4.976637848309221901e-02
2.617413843163586898e-02
5.605889379154704172e-02
5.466189131530624357e-01
3.130076405484958357e-01
4.625016302542672153e-01
9.412996693134077775e-03
9.076603995735567088e-01
3.337629942453856358e-01
9.642846148720557453e-01
7.402994074457647233e-02
8.802602505305359704e-02
3.712702596822997636e-01
2.190514742042403984e-01
3.409299511592383397e-02
3.234551942754954057e-01
7.004524947370766030e-02
1.801419813496454858e-02
9.764150039158555616e-01
6.140669821911511894e-01
3.555398174776500109e-02
2.133541369414597155e-01
6.457104036825409010e-02
4.077505933235430619e-02
1.144451273805786873e-01
1.143002311281857558e-01
2.345838161315199621e-01
2.857895378521682628e-01
8.007209634014710031e-02
2.685435430622178377e-01
9.492993197176275225e-03
8.472973283246472420e-02
2.507646319702417845e-02
1.791458675635706002e-02
1.531143633695667729e-02
3.968246977274079296e-02
2.186008405196993715e-03
2.443014593206932206e-01
9.418027724206373685e-01
3.692835729067807105e-01
8.648123337181730097e-01
8.915208762252204919e-03
2.195515448194761132e-02
1.279544663325477005e-01
1.519132836004553622e-01
2.456600468058333098e-01
1.191873555641329019e-01
1.820578355624059563e-01
2.139498794621831970e-02
6.836728026735730546e-02
4.886847463022075955e-02
1.123460743653995897e-01
1.529689927763548327e-02
1.595175707543318999e-01
1.516364836550497530e-02
2.345351348772821143e-01
9.692955556119646487e-02
6.279972547619602774e-02
2.321098213807463451e-01
6.602830684047721055e-02
4.245182371787964981e-01
3.304842447231423064e-01
9.060526629447260283e-02
4.984918220000761346e-02
7.898758739765122938e-02
4.404495887123539843e-02
2.661138653866799639e-02
1.673594370771447071e-01
6.072642593537176670e-02
1.659657749307866803e-01
4.436060533181632182e-01
2.828916805346407548e-01
6.593232207786253740e-02
1.274852017572675467e-01
1.432988437714384777e-01
1.470809664085037938e-01
3.158146353066904610e-01
4.172554306488607256e-01
2.565174980503437396e-02
1.850418211656209080e-02
3.613181460119813670e-01
2.656227987052620088e-01
8.209645403924339946e-02
5.042267997482657686e-03
1.962486673669840420e-01
1.037152767786813645e-01
7.737317226888456440e-03
8.368378536665709022e-02
8.711713095131414300e-03
1.932741981685243832e-02
2.113459448299681298e-01
9.389884613100439592e-02
2.575148683651946602e-01
1.756544593367933005e-01
2.882125042064667131e-01
1.016636026909472357e-01
2.525656003692209328e-01
2.714153676948511396e-01
7.854595813846207419e-02
9.262255114009547430e-02
2.140221691372084720e-02
1.368211345387581324e-01
2.039427155239231446e-02
2.408348613086885859e-01
1.198140953440466824e-02
8.230018833869655326e-02
4.261082522106061227e-02
3.491136987944028908e-02
9.879009538948263502e-01
3.329264109251005022e-01
4.881536576752749934e-02
3.254832282540938149e-01
1.149352369835480309e-02
1.312117298798320120e-01
8.016184302060079536e-02
3.992551534309499855e-02
9.700559107563060390e-01
1.592976976900104813e-01
7.086560840920549942e-02
3.028501399044780575e-03
9.244040658963406099e-01
1.600991992784486229e-01
6.724791430163455652e-02
6.253661819349295992e-02
3.809359065589128235e-02
9.609776939497235437e-01
5.282892522095403720e-01
2.675063939238108562e-02
1.425327094938642902e-01
2.645216624043549292e-01
9.122937000353123493e-02
3.296539525020416445e-02
6.002607966397916633e-02
4.587947257322268907e-02
9.978690581895358624e-01
5.653341062324401811e-01
5.121894482975325458e-02
9.566534047455131640e-02
2.637947430806804050e-01
2.034382959199775576e-01
5.971640721247855471e-02
1.284301781600593884e-01
3.092443587939879834e-01
4.204829227917256107e-01
3.211111156795122545e-02
1.464843045506691310e-01
3.937764710630888010e-02
3.094129408191217956e-02
1.238173561407519135e-01
2.147583568135236556e-02
3.374238078599651330e-02
5.215628372818700842e-02
1.174123291660524177e-01
8.725338437981087214e-01
6.500009611260839648e-01
7.571490130839794164e-01
8.149052151582934778e-02
1.511566316137431636e-02
4.273289993123448594e-01
5.377770986285936028e-02
2.156957984705037135e-01
2.282818913903889857e-01
2.723794823107226690e-02
7.775718671228505630e-02
4.212043995210525138e-02
4.210510272248070562e-02
1.730939432950106549e-01
5.362700116569016906e-01
2.203548249019840477e-02
1.046734765195541164e-02
2.226878263409197978e-01
5.384247645197748518e-03
5.092151527694810387e-02
3.457234573509675446e-01
2.660939557882762568e-02
1.276294272770399918e-01
2.681830668015907151e-02
5.386404800341136265e-03
1.287126902358308456e-01
8.800800549615678259e-02
5.956181127652795948e-02
1.723201857874116782e-01
6.481034704581208061e-02
2.593503061262581941e-02
2.173576952573641821e-02
9.407141191404998215e-02
8.301121791658928883e-02
1.047752810563111758e-01
9.986403781642916311e-02
6.416302479300467487e-02
1.748261549849773958e-02
7.854847478749498249e-03
4.224419186166776530e-02
1.517669032193306143e-02
3.511908182853955285e-02
1.140193247086556533e-02
1.020252844037312367e-01
8.191920810256468899e-01
2.467337242361565888e-02
4.994763887949999481e-01
1.798351230646766108e-01
2.154881972904649015e-02
1.590991271503850932e-02
5.393215197249076054e-01
8.578103318370748909e-01
7.310216886292625338e-02
1.362115709798442098e-02
2.738813213040032224e-01
3.436137894464200149e-02
1.486629706572339671e-01
2.270784658707607762e-01
5.904891400755526293e-02
4.769047469868716027e-02
2.226580657661481888e-01
6.499635556198466446e-01
3.774681493093930140e-02
1.452427358236509369e-01
6.365044404011903634e-01
7.680171331257994172e-02
1.084851144063362915e-01
1.481484279796509672e-02
1.456290840291571409e-01
1.078981490842520208e-01
3.340324127013948735e-02
4.564359805085399513e-01
1.335512847821886118e-01
7.482734999245392593e-02
2.971465739954089469e-01
2.656884932987078063e-01
2.147954631146828039e-02
7.208762667285550929e-02
7.208814802476910810e-02
8.628227639278035488e-01
3.974310390719289487e-01
5.568279510326901161e-02
2.035933604784501694e-01
1.795092603520529601e-02
4.287790197243622481e-02
7.904521398598528537e-01
1.633962155809377537e-01
4.530409088844001425e-02
6.152991070147372649e-02
1.658945004766629663e-02
6.231442244498466287e-01
1.416585875290589658e-01
5.461099295020581390e-02
9.052008127177781915e-01
3.556766795403201731e-01
3.575671738300114089e-01
1.425059903596609216e-02
8.238939346965519495e-02
9.155319962626266017e-01
1.394592328076759702e-01
7.374928707072235523e-02
5.269374892712628267e-01
1.000106767933528762e-01
2.088330047943353640e-01
8.602488193430278887e-03
1.878189136911647683e-01
4.892303188587733553e-02
9.296128269110736086e-01
4.294675934650461074e-02
4.271399149886791202e-02
3.079603506523149667e-02
5.935190611539424566e-02
8.942134645180700725e-02
2.002403020666930142e-02
1.065352038724526190e-01
2.807740239162603291e-01
5.208533860792626813e-01
5.973708973411447770e-02
7.802079197007798228e-02
3.034616839940663113e-01
2.566042053202799988e-01
9.542272759637395740e-01
1.062701993519624966e-01
2.132817467018277569e-02
2.361288766166808883e-01
4.826343967089798820e-02
2.331390867859168409e-02
4.049929978655774088e-01
4.994250083257414929e-02
1.093249477699615030e-01
9.808645391535022462e-01
2.047458008252059924e-01
4.934946200147292787e-03
1.304330405317223433e-02
6.562851135174699313e-02
4.922893985156480134e-01
9.226549455212148046e-03
5.946430162092581906e-01
4.063113618918596376e-02
3.202531318324989412e-02
1.496041126118414187e-02
1.663167273703386462e-02
1.038342971029465600e-01
1.495986241682623064e-02
5.355336139853336674e-02
1.618374553091637968e-01
2.857394324319511084e-02
2.506021143993912917e-02
1.517407623990972565e-01
2.265583476570453836e-01
7.697033711534196909e-01
3.142242584728644483e-01
2.950341445837544874e-01
4.584924797566045790e-02
4.995846765552774404e-01
7.307584447578103770e-01
1.589706800637797832e-02
2.537901923971702112e-01
3.604210564298106993e-03
8.502179461450067727e-03
1.483442714519916106e-01
7.519926171175420060e-02
1.186673427360864369e-01
7.349042647754243374e-02
3.411756369943368811e-02
8.314952805070503772e-02
1.529429312885892400e-01
1.678077338481289982e-01
2.209011190547687797e-01
3.114283028485776914e-02
1.297287261149704940e-01
3.402460720542629380e-01
1.081934196944557385e-02
7.706807195445665448e-02
3.650591704858833358e-02
5.075660234637850016e-02
6.720549247288248873e-02
2.953770857567228694e-02
1.219852476152473962e-02
8.758419290016491651e-03
8.766251196684272939e-02
7.071485468308092992e-01
6.845632582456255555e-02
9.499986902166189517e-02
1.199750340208995819e-01
3.221782935029465084e-02
2.285099079889257034e-01
1.362241488200908734e-01
2.224622009387489108e-01
2.694834994365429351e-02
7.435501965089971743e-02
9.154830367216847120e-02
3.012819158506702816e-02
3.477329587322451898e-01
1.010025462315275457e-02
5.367247374759035600e-02
3.392740692681172066e-01
1.813823756412437024e-02
5.740816252703320188e-01
1.477241955161555376e-01
1.305110066000708946e-01
5.396404488111770925e-02
6.246878720295713505e-02
4.499207675561036485e-02
1.970345258206427919e-01
1.950076388815838169e-01
2.356517089483882998e-01
4.296224942707864702e-01
8.475868573901970682e-02
5.004534187884608631e-02
1.001939864034473576e-01
5.405924040480621778e-02
6.629031177277007469e-02
1.519415176881178109e-01
1.290227489982438691e-02
3.186560706289514044e-01
1.178445673212589057e-01
1.280252011988715632e-01
5.597242275246676613e-01
7.644509638775058742e-03
1.225701842689863597e-02
8.335657102175408895e-02
1.644606019242229322e-01
1.309248688437999186e-01
4.518993821857439919e-01
1.709570027541525844e-02
2.368390161171816111e-01
3.594722120185510263e-03
4.462005271383990834e-01
1.873686105749612085e-01
4.003865187475229570e-01
2.725903344074386836e-01
1.200335872770934703e-01
7.405773691790615287e-02
1.183915723979879070e-01
1.620458328159200823e-01
2.906627791484657150e-02
1.000042800900014829e-02
9.729753194138108796e-01
1.332998842746696555e-01
3.856102063959795934e-01
3.929465698928217426e-02
7.287356611493028824e-02
3.748483702108238586e-02
8.292815040623195688e-02
2.084291533633507096e-02
4.639367085187211526e-01
2.876449801437493958e-01
2.827768051883692429e-02
1.547875374086337373e-02
2.460058069783568335e-01
5.957287160301844020e-01
3.171786655107330932e-02
6.624769534121958958e-02
6.261039110672535733e-03
1.250173882386447326e-02
3.364442264689911088e-02
5.792751782650937958e-02
3.931250431513234195e-02
1.841804319772823509e-02
1.859635779872862160e-01
4.098021711565229541e-01
3.909204200898839382e-02
9.535478275273387982e-01
2.537191883120253413e-02
1.838649688142808269e-01
2.085369625171714647e-01
3.397757111900686078e-01
9.444683421805601109e-02
5.822735620180473637e-01
5.196059143006847014e-01
1.860452534966950122e-01
4.931333081180892114e-02
2.767461868615546106e-01
3.051009686561038659e-01
2.663392173104603411e-01
6.585652886368915937e-02
2.936869926189252661e-02
5.999008271118159152e-01
1.738103214745747305e-01
2.790609200479638244e-02
2.228974617923807494e-02
4.806124333284631650e-02
2.318738447679552506e-01
5.337988939060008681e-02
3.322703188921858897e-01
6.816601699497945588e-02
6.689406754628691998e-02
1.145668261597432014e-01
4.698788865429456840e-02
9.792369745660010893e-02
3.393712690535342913e-02
4.484519896847756204e-01
3.876869972360148520e-01
2.124140935390116669e-01
4.552106136259925773e-01
3.855779352190114584e-01
3.090430460750644981e-01
1.479570310149513623e-01
5.651973543109126141e-02
1.073467583288360838e-01
1.570537535118771144e-01
4.402052146195118976e-01
1.186635546946523782e-02
1.138189285770180303e-02
2.746965503128325214e-01
8.291902662024556170e-01
3.960329186143567159e-02
1.137652775740647521e-01
1.121314732134295750e-01
1.388710071913325239e-01
3.205276487960187493e-02
3.543222134168185627e-02
1.443189120456373764e-01
6.954872139067125314e-02
8.344371082453563848e-02
5.875798065569910050e-02
1.358223051355318678e-01
7.365105020193722651e-02
1.318085939587549105e-01
2.162776569848932906e-02
3.778724824848126995e-01
8.806561370064058814e-01
3.341596426291280984e-03
2.773729465019417195e-01
