9.821643668542743288e-01
8.163998469611850606e-01
7.595073287594664713e-01
2.189640012121556525e-02
8.845648954043975332e-01
8.334283415520528093e-01
7.047455034357541503e-01
9.324268719933802574e-01
7.464688598446099776e-01
9.755364982793642836e-01
1.616369095470521489e-01
8.830879239606703734e-01
9.119437298613262133e-01
7.920279338048882289e-01
9.917345139809887744e-01
7.482902156311991293e-01
9.466328534857001431e-01
7.346332984897959752e-03
8.219474623367710731e-01
8.685126775531606391e-01
1.767617940754415140e-01
9.599470972955570502e-01
9.580365093403189203e-01
9.234487565606183113e-01
2.518961968191483769e-01
9.591426883765193923e-01
5.165149267025514329e-02
9.561715531448528038e-01
9.685335517046420595e-01
9.756135934108652874e-01
9.929374604647993596e-01
9.956894014206780774e-01
9.927919992599731902e-01
9.802377283030793143e-01
9.900180896939111408e-01
9.957122148509958137e-01
9.201193984986859586e-01
9.927328732364311126e-01
9.886818928069469603e-01
9.887574251757671462e-01
9.648975034349335234e-01
9.950127831482509233e-01
9.131144642683508561e-01
9.850133317156042345e-01
9.958577369616041786e-01
9.037728116930003885e-01
9.966911103485531775e-01
8.500564175685692003e-01
9.334112540534492686e-01
9.986644036922226464e-01
9.997231864280493596e-01
9.992294678248661022e-01
9.978768261187020983e-01
9.580086755589266589e-01
9.986789497139808569e-01
9.942872493504203435e-01
7.411369568067771585e-01
9.992834147161475666e-01
4.905770180675783632e-01
1.860146122257222423e-02
1.640019385608873226e-01
9.958095503356364508e-01
7.116852148829909686e-01
7.717411850342592583e-01
9.659539141776175564e-01
9.947261353110821158e-01
9.865073298412575520e-01
9.882676805390480101e-01
9.966257970041130232e-01
9.923155873818868544e-01
2.666318748188655219e-01
9.885962541197340636e-01
8.300638426805954095e-01
9.718458480170623082e-01
9.442563194740987154e-01
9.273027578618936451e-01
9.883310991950914337e-01
9.666919761127994448e-01
9.909287780011377667e-01
9.480910869601311131e-01
9.949387708429785482e-01
9.405379443168877529e-01
9.321598685467259449e-01
9.667018661743124186e-01
9.617268642416861857e-01
9.958050716116210177e-01
9.107285067917851862e-01
9.873224678219114647e-01
9.536090789435497372e-01
9.679936277301919301e-01
2.949201752435537394e-01
7.140423986722497229e-01
9.890435898316156660e-01
9.840802253079093953e-01
9.623898786098740166e-01
9.853734559561139195e-01
9.811889474141674006e-01
8.747785119954912814e-01
1.495928609168828416e-01
7.082038680201598879e-01
5.945386931111300566e-01
8.324172496167162594e-01
8.832569847488520587e-01
9.798391321935284726e-01
9.494028967870115077e-01
9.953669980613232271e-01
9.950089287120890136e-01
9.821868794483357146e-01
9.972746334807000013e-01
9.958190312833373747e-01
9.852635535652914944e-01
9.160950384262712687e-01
8.593541891264318000e-01
7.907288574796124125e-01
9.867917237356015336e-01
8.155320696486886289e-01
9.670684444697975612e-01
6.401622362603781591e-01
6.121478310505152898e-01
9.714950127314211370e-01
9.959257687333448184e-01
9.749896635155200775e-01
9.762325292134448329e-01
9.817377415848488331e-01
9.760314570840471493e-01
9.806197174285011808e-01
9.934725181365445801e-01
9.992235367615107666e-01
9.858185141946753660e-01
7.269069238790584198e-01
7.560234829577868743e-01
9.910266871611356221e-01
9.831585673522398316e-01
7.236518434372263275e-01
1.484778906102674212e-01
9.878565435780720660e-01
9.840508507570128183e-01
5.039012733021532020e-02
6.107320748234174035e-01
9.633050240948397569e-01
9.925136668283855990e-01
9.749146681039877471e-01
9.681182776905208343e-01
8.335079846596382680e-01
5.588311142503534779e-01
9.833750780770342814e-01
1.328534307719815011e-01
2.430991466210651597e-01
9.379992823979442784e-01
9.424931818255574134e-01
9.918849676713161756e-01
9.882705323645284423e-01
9.851565610469320555e-01
9.581835998614901539e-01
9.994141873451233282e-01
9.969719386723218113e-01
9.774842272716021130e-01
9.916938926001038768e-01
9.555661439058651396e-01
9.923110388029365847e-01
9.821671190822657271e-01
8.754018175966831183e-01
9.357892737357665913e-01
9.891627715907849172e-01
8.943429418993864566e-01
9.661360963845700978e-01
9.814927083497616556e-01
9.949573430230072013e-01
9.867847207278045429e-01
9.615825169550045182e-01
9.744594099494972017e-01
9.717559088710501225e-01
9.843239241514346594e-01
9.756436099491071490e-01
2.845909424313899372e-01
1.624890538248819627e-01
7.895872587766328277e-01
9.809007922975675475e-01
1.421368612513699281e-01
3.529312256934929448e-01
9.435169592208040301e-01
9.898332413229810056e-01
9.852054094586497612e-01
9.795007468862033662e-01
9.928852468548851062e-01
2.324423070331794738e-01
9.798034966201588647e-01
9.676606703342296445e-01
9.666238089342318318e-01
9.872657123505700349e-01
9.639368664329523995e-01
7.913315916065387645e-01
9.163247978642646840e-01
9.004000318206466513e-01
9.779735483287258502e-01
9.473556102118778632e-01
9.266751837413462756e-01
9.644288708147624734e-01
9.245170446174447720e-01
8.372740691907645250e-01
9.882702062054937731e-01
9.892144826203723706e-01
9.782594131051977060e-01
9.672920835150092822e-01
9.513702456667411100e-01
6.645752888223925847e-01
5.512524754959908374e-02
9.832881505368402664e-01
9.553547244984207376e-01
9.858803599412712115e-01
2.521451968535466936e-01
9.186321873599925247e-01
9.802988774778006453e-01
9.712599707579558928e-01
9.721077744397643716e-01
9.223227500021060621e-01
7.951786056074129361e-01
1.363612850265694815e-02
9.958741721941289926e-01
9.971917257770805953e-01
9.338857363513002330e-01
9.361392726227616423e-01
3.809285584859917750e-01
9.898584796654273932e-01
8.196736884256621281e-01
6.917322110525480072e-01
9.957025931030752952e-01
9.915661420343279131e-01
9.914755334377645113e-01
9.867464488908742615e-01
9.822337566947753063e-01
9.937006983194910381e-01
9.894287717105003654e-01
9.492791759789032113e-01
9.927094324144631887e-01
9.718446875329789236e-01
9.805605978463588501e-01
9.859449597212800454e-01
9.904554588250777947e-01
9.959272876894068594e-01
9.834765686805302387e-01
9.991992432767107246e-01
9.969455796822848104e-01
9.689421366265033031e-01
9.920416448469652204e-01
9.877901681877919726e-01
9.963097144488335388e-01
9.909508341128601128e-01
9.962199984790387486e-01
9.866425502210685039e-01
9.934869742560374917e-01
1.916683496779451046e-01
9.583414160574568186e-01
9.985627974137636365e-01
8.189014734846199461e-01
8.406551690398652577e-01
8.004917981488756107e-01
9.803144890312789350e-01
9.988430395131513428e-01
6.711289717637302088e-01
9.526428470324251885e-01
9.929016981203967473e-01
9.400843538655421217e-01
9.961227712706897108e-01
9.954480182804789079e-01
1.079199816015496138e-01
4.083068277123521050e-01
9.753378779204108229e-01
9.860960707577217654e-01
9.356679415286273116e-01
9.802644171013297214e-01
9.937130378930278951e-01
9.871842776408951137e-01
7.937366328155621709e-01
9.938392641623131629e-01
9.900785704981819313e-01
9.663710329998075332e-01
1.595576693054749987e-02
9.450790634506315291e-01
1.675379075607338342e-01
9.925643843770752817e-01
9.630858566768482065e-01
9.841432743949269923e-01
9.954622941313593376e-01
9.770475769055027015e-01
9.938172639198791236e-01
9.903727149596852630e-01
9.385232995704360093e-01
9.610661809176090919e-01
9.903167470204118361e-01
9.919608296954017801e-01
9.764772052103405375e-01
9.790446337011821099e-01
9.823418362089065825e-01
9.728274358636097574e-01
9.758145254255501388e-01
9.093939193712841096e-01
5.383605145413639104e-02
9.748548564292368601e-01
9.937448990856875275e-01
2.978107657617002357e-01
9.869020723486168212e-01
9.967917905521174182e-01
9.894946857380250149e-01
9.964704752772383101e-01
8.779729244569191016e-01
9.794526752959842320e-01
9.526532487592928033e-01
9.884079149497768668e-01
9.808800760372975436e-01
9.753416020502599926e-01
8.767189691957477660e-01
7.856090427855296765e-01
8.011604838938479745e-01
2.930962894236115515e-02
1.696245451608353327e-01
9.044968058128028954e-01
9.517173672736377599e-01
9.856488695956633350e-01
9.627199295241495314e-01
8.805677917912083652e-01
9.791040933315076078e-01
9.914793332978311113e-01
9.960877480896375147e-01
9.287357246174915426e-01
9.737849780590638327e-01
9.458614489714675111e-01
9.505303804250825328e-01
7.593168908549717822e-01
6.338188255736957322e-01
9.851367076334568429e-01
9.548868871383597856e-01
9.743367130964130096e-01
9.988926248573566369e-01
9.382637995150284738e-01
9.846828919401632296e-01
9.846784252222228195e-01
9.854862947244811267e-01
1.784392599268125601e-01
8.189392722297832439e-01
8.039026581808840222e-01
9.150706874821252779e-01
9.220867380077225617e-01
8.191523885632522317e-01
9.417491640833880462e-01
9.257351245347229529e-01
9.571142679904343087e-01
8.693386603315200745e-01
8.723337831317953261e-01
8.740622549604248892e-01
9.839989720706683318e-01
9.888957179118065266e-01
9.679981996343388628e-01
8.804700192638769130e-01
9.877644185543437150e-01
9.910678166032766967e-01
9.828487513699896150e-01
8.275876170629004047e-01
9.899660986236412663e-01
9.961507216047014168e-01
9.627930156694405328e-01
9.957900106848415200e-01
9.956956449129362730e-01
7.810215943425995455e-01
7.128728280595553191e-01
9.266951615758750593e-01
9.822506830669072153e-01
9.790258638471533992e-01
9.971920217160749056e-01
9.908624256369693573e-01
9.964997498526273478e-01
9.894700144797340391e-01
9.955220435072503760e-01
9.320218320460760264e-01
9.435268291192965284e-01
7.778474918867639420e-01
9.836128878994560010e-01
3.486938542797266699e-02
6.571466742183923460e-01
9.867260681856012683e-01
9.986821624595788593e-01
4.517981074869244495e-01
9.929328790704490260e-01
9.738253888629790911e-01
9.919895762086460289e-01
9.963348982505620954e-01
9.965665471494500327e-01
9.950426979825741647e-01
9.923379667765426237e-01
9.957447460776244208e-01
9.751749764147863431e-01
4.393453679117458321e-01
9.839741717477847871e-01
9.782919483928731452e-01
9.930178521263722802e-01
2.581238693591491606e-01
6.791769424886900941e-01
4.746073702600721589e-01
6.797318452615629392e-01
9.597317907161969641e-01
9.953775288448383218e-01
9.841518150089906269e-01
9.980979030661760731e-01
9.615257487753422483e-01
9.798667296815172234e-01
8.115850439819669582e-01
9.910829494265589457e-01
9.864600660128767240e-01
7.503012345546868911e-01
9.478608635577759900e-01
9.105574139575022263e-01
8.695559673156193492e-01
9.472798148647642025e-01
9.145013978226077533e-01
8.571871167933577951e-01
9.598204200351482251e-01
6.937531612788663260e-01
9.595378348356801146e-01
9.745336803393295222e-01
8.229827480872843326e-01
9.884216048707216151e-01
8.502520456111353209e-01
9.876107569306988854e-01
9.965367262997678610e-01
7.812022225289344535e-01
9.917220574911238540e-01
9.913306374674051291e-01
9.866887032010009939e-01
8.872227366636015189e-01
9.072649180391240131e-01
8.337457522512948804e-01
9.838310327034850422e-01
6.535314396996705355e-01
2.443754478039470227e-02
4.059657690765009486e-01
9.875416016275213593e-01
9.006754743703420107e-01
7.568262808438029898e-01
1.075406749926573063e-01
8.737321357051303083e-01
6.792534789902099357e-01
4.258701738166085354e-02
9.280461160380135688e-01
8.073161169309552854e-01
6.427593880443802643e-01
9.465001499091401094e-01
9.245236863501706814e-01
9.968908674742026424e-03
8.797477765226622282e-01
1.686797949973843080e-01
8.145429242386591495e-01
9.578542894923341988e-01
9.780276296039596140e-01
9.675947387378850406e-01
5.746569145043515237e-01
9.731960864572367642e-01
9.113233881571547457e-01
8.361427336769662322e-01
9.820730966540116569e-01
3.875874194488108937e-02
9.076178003225567892e-01
9.474451253619028401e-01
9.996909948663866841e-01
9.247850474082108807e-01
9.982563124665264631e-01
8.082720128427828277e-01
9.201080316086027722e-01
9.894571687437364593e-01
9.845141522532501188e-01
9.383261782868157486e-01
9.292765141170927778e-01
9.811258436897907220e-01
9.810590547828437202e-01
1.826618012391086621e-01
8.297140907129434417e-01
1.456958177176225777e-01
9.704597076889546203e-01
9.818011812709028785e-01
9.966624185194900010e-01
8.886574226028698398e-01
9.580791267488666385e-01
4.657164886277547211e-01
3.620899235916273384e-01
9.443087062230552942e-01
9.731775078345159535e-01
9.793434555778103290e-01
2.932740110161069849e-02
9.856853650464048044e-01
9.835921592102845334e-01
9.883050885756066162e-01
9.533104429431467075e-01
7.462753921698598303e-01
9.095387697227419466e-01
1.584739836362224763e-01
3.862790036242114144e-01
9.746386225862498920e-01
3.374493022624545091e-01
3.341362229298141390e-02
3.718823184208561172e-01
4.319535627393970845e-02
3.218532561771151879e-01
9.438019222901877781e-01
9.687186950257555829e-01
8.483482193724709020e-02
9.873567302782009225e-01
9.814063377670246835e-01
9.835282442194079877e-01
9.881420857409569658e-01
9.934683576098934932e-01
9.827709440667885543e-01
9.934814079111835561e-01
9.979726572242446636e-01
9.683044740929190874e-01
9.808927195292088674e-01
9.508529235679377134e-01
8.114974477060350466e-01
9.246930376981097321e-01
9.413444171225737733e-01
8.424121318467548969e-01
8.974118816796877729e-01
7.489927840759661448e-01
7.149713757150057969e-01
9.775713176716255282e-01
9.834677805550993135e-01
9.566824296193855437e-01
8.998480385734741738e-02
9.098895375241660144e-01
5.548891549206710350e-01
3.393948799521312454e-01
9.473867572265235459e-01
8.732652876260106334e-01
9.703727511353921198e-01
9.338723842877113546e-01
7.058401658421935565e-01
4.454839733674755275e-01
2.955915337411698651e-01
6.934022113171313118e-01
1.379735632052326300e-01
6.890669531546068649e-01
7.544965975743894715e-01
3.992057664175766019e-02
9.978944074516717944e-01
9.492218541508742335e-01
9.503756084301133722e-01
5.869273080632412265e-01
2.526884867107067612e-01
9.827741274340144884e-01
9.810803269714797326e-01
9.806604259417041058e-01
8.693086878778027993e-01
3.128366602323391643e-02
6.410644111052036243e-01
6.129668189590850025e-01
4.697827032620364163e-01
1.046037627698934019e-01
1.456503241138061011e-01
9.522753177824154758e-01
9.874913590845433298e-01
9.130426211582014506e-01
9.367724556162397853e-01
5.161929118891001034e-01
9.946916954663417298e-01
9.924664028207871302e-01
9.787157988482334536e-01
9.638499740535296789e-01
9.621975443640753412e-01
9.658962825398947905e-01
9.651022691740661630e-01
7.448465116256547391e-02
2.179224689299006368e-01
3.206256854063715411e-01
9.803903372661714188e-01
9.902601870003552298e-01
6.263232596522555484e-01
6.210855573139699437e-02
4.393426344308382775e-02
9.337693853493797547e-02
8.499884089482612204e-01
7.950056898743391720e-01
9.669872825021991192e-01
9.898052508576109521e-01
9.537746651400788034e-01
9.870202172598566692e-01
9.745867897426829796e-01
9.731642678868251961e-01
9.923085113229169751e-01
7.578704657434972569e-01
2.999662527515531418e-01
9.937652340103327875e-01
9.978397780245290560e-01
5.159020475534935590e-01
3.436222414914858470e-01
9.893299045795306279e-01
9.490208733934272223e-01
4.484564863488236797e-01
9.818953909939202029e-01
9.895535675007476328e-01
9.962176097662902574e-01
9.181272346757056724e-01
9.948620216310382069e-01
9.980479701711667539e-01
9.849841401074217462e-01
7.466840260701692600e-01
6.235446372519819896e-02
9.892284247874219005e-01
4.703199425996709704e-02
4.344541633220255217e-01
7.863879141764419378e-01
9.899812690563811746e-01
9.932605466333840338e-01
5.579530781949204599e-01
4.698564980055257023e-01
9.856210154585520744e-01
4.769288881085523291e-01
9.777555369063694046e-01
9.914487713415499615e-01
8.273425739005865753e-02
9.311597627597874016e-01
9.808528028536512844e-01
9.874167647035014816e-01
9.339518670999459315e-01
9.331377865525172233e-01
9.779487725603965842e-01
9.922100896141147208e-01
9.893081832243463269e-01
9.732667599735613795e-01
9.819648798482002450e-01
1.351565480804404196e-01
9.814315871391329216e-01
9.845638048589211433e-01
9.432568314366949203e-01
5.301867524609796822e-01
9.845456847697634517e-01
9.843139036999902780e-01
3.586677380091085610e-01
7.282666251703421301e-01
9.055606967180158673e-01
9.754687414162960257e-01
9.738008105873783293e-01
9.758089485021287368e-01
1.187037451583537219e-02
9.962447065039078398e-01
9.876779526657266661e-01
9.714689081705737417e-01
2.176943761558521317e-01
9.695780234723594404e-01
7.858506919251888601e-01
9.605897080219872874e-01
9.834960772099561321e-01
9.468411497634726670e-01
6.893580052079574250e-01
9.851209629208483864e-01
9.303223887732404718e-01
9.754261292517270032e-01
8.525580310003023632e-01
9.506243303787765830e-01
9.947580949025659480e-01
9.695466316262242312e-01
7.512054087050658024e-01
9.801134842307934747e-01
9.676522145564470101e-01
5.950953257980344802e-01
8.526062019723227303e-01
9.509541873780252841e-01
6.628637251003141051e-01
4.022033883017883116e-01
9.215834489098351234e-01
1.166353233706184447e-02
7.641731422228592585e-01
9.709261344582312825e-01
9.480523518840130448e-01
9.715376809351615739e-01
9.450312733052063097e-01
7.051548016083937220e-01
9.807025841421611601e-01
7.844199378764578068e-01
9.681320548247168700e-01
9.986853493873130150e-01
9.959508554503649913e-01
9.957588632420609764e-01
9.974031188239202983e-01
9.953496441318555599e-01
9.808866589057909646e-01
9.951490213666112084e-01
9.187775369662528613e-01
9.738890928798087376e-01
9.617438767300956481e-01
9.370264967386801036e-01
9.255777832567176899e-01
9.539273702575813418e-01
9.640327065017689767e-01
9.703516503295378515e-01
9.788286097605349845e-01
9.894424481281521855e-01
9.803717586057096867e-01
9.900993544096915455e-01
9.959226433876030571e-01
9.855448108737786539e-01
9.824786435565149301e-01
9.588169631214720212e-01
9.801651891822997786e-01
9.892750164786214828e-01
9.694678275028721925e-01
9.832352919656002221e-01
9.951183055970005409e-01
9.912822132530161312e-01
9.768574424157212555e-01
9.876637580950884399e-01
9.864144821467950575e-01
9.666356056626121962e-01
9.989772534621197408e-01
9.951821330215916417e-01
9.963374611972017902e-01
9.946072838341430966e-01
9.652090513347412193e-01
5.506359357681782640e-01
6.202563485393421949e-01
9.797147766035956273e-01
9.524206107303886393e-01
9.965257231240524094e-01
9.495276189673984568e-01
9.552586769105472220e-01
9.801972464944213037e-01
9.417041290007367449e-01
9.786940271432220673e-01
8.831746204816642853e-01
9.572743484442145512e-01
9.747984492651600164e-01
7.650019123066797988e-01
9.747850863628910734e-01
9.909999097377032440e-01
9.528097448407862879e-01
9.818215671632052333e-01
9.662226867452978762e-01
9.883433943749050377e-01
9.859471749026582632e-01
9.821771250254016650e-01
5.728461493742059707e-01
9.785789295325658665e-01
9.633669962905109241e-01
9.235755878227064342e-01
8.385722446529879637e-01
9.897290137971721524e-01
9.500702554424494961e-01
9.779185606362829075e-01
9.955497696595205781e-01
9.626163469552460050e-01
9.350159868916830819e-01
9.884794906614787768e-01
9.801709112681612490e-01
9.913608138262050007e-01
9.850353733349559437e-01
9.647811971290300992e-01
9.726483976947637444e-01
8.021504145694439147e-01
9.863435443937301761e-01
9.762234237495294176e-01
9.892497637934347665e-01
9.858997976387081641e-01
9.404261496111439023e-01
9.657438487238492186e-01
9.814514617470933011e-01
9.648192681709910623e-01
9.815222911573087128e-01
8.403793605186684612e-01
9.951050302810466874e-01
9.115748648978895252e-01
9.864285879329931506e-01
9.786618613896503893e-01
9.836345053167390162e-01
9.265802248126669971e-01
9.954526705252298990e-01
9.554206374351850162e-01
9.433248450653080042e-01
9.525007724936394027e-01
9.749197811666251434e-01
8.255097505527779489e-02
9.004929151045043545e-01
9.788808363528865852e-01
7.261968978888260207e-01
7.097848721690157570e-01
3.556761013763404776e-03
9.872449009521054863e-01
9.857777654530816003e-01
9.880409490159278718e-01
9.012846815871627948e-01
9.909602565925991202e-01
9.521567818688775331e-01
9.112576428624420410e-01
8.963993603545212796e-01
1.992642719576071322e-02
1.141630529040344941e-02
9.622128294649040514e-01
7.990202210237628000e-01
9.503027374921027004e-01
9.453228571786945755e-01
5.385337046065933331e-01
5.617046046096735995e-02
1.259867813531704295e-01
3.389496648603981255e-01
3.914279423664458468e-01
9.901815063081894630e-01
9.910156291370616488e-01
9.927003411428655388e-01
7.849527571040455509e-01
6.081564111246969828e-01
9.585133929436459033e-01
9.350294205362319477e-01
9.881836340754137638e-01
9.541106559943889343e-01
5.866387102790359132e-01
1.635355198871538962e-01
9.414893607698582301e-01
6.233883340517927252e-01
8.653161993425271259e-01
9.392185749085432134e-01
9.452357574680894103e-01
8.855356596109527079e-01
9.493721155887886454e-01
9.500170995935623974e-01
9.581592071164264368e-01
9.605604432557698358e-01
9.024652394862997529e-01
7.960139117579536627e-01
9.701177983011496364e-01
9.696737427634419815e-01
9.880651191837872549e-01
9.641870649486482536e-01
9.026267597687768207e-01
9.453197950391314386e-01
1.920277742620630224e-01
1.141221347003065212e-01
1.172460159851304862e-01
9.847569596549882176e-01
9.715706729560665833e-01
9.473504356128134019e-01
9.885863635735746557e-01
9.556104708590539287e-01
9.733348446787543073e-01
8.760723490430706306e-01
9.733559077488114220e-01
9.738732441270541162e-01
9.461846240705441557e-01
9.490693379087795645e-01
9.632056329371866399e-01
9.281520962617074710e-01
9.743304947859950937e-01
9.953511803475511011e-01
9.959966891849069137e-01
9.684795231060006060e-01
9.686914507753321413e-01
9.804870988506867446e-01
9.894069634599079732e-01
9.867539552388919777e-01
9.947023428093499930e-01
9.736383736354075058e-01
9.445365754109136258e-01
9.591246449779240457e-01
9.527439152736704164e-01
8.968143882446676374e-01
9.703428007733817529e-01
9.821495470575961617e-01
9.640174414685748205e-01
9.829653746294622074e-01
9.647891175923802853e-01
9.360479575441572608e-01
7.484942339719566906e-01
9.697854570048712874e-01
9.480787198610154953e-02
8.909555440803704762e-01
9.771729798289797708e-01
9.943442445054857526e-01
9.930764143293555613e-01
8.119507130077214807e-01
9.910221692231788726e-01
3.357846200484367050e-02
2.016698941263634082e-01
9.906526383614737696e-01
9.863253178259120402e-01
9.912302426838196512e-01
9.553031601030127495e-01
9.530731701151872182e-01
7.652786150176944524e-01
9.325782408481708696e-01
7.294860361441327656e-01
2.994895996510385516e-02
8.014194088801237514e-01
6.321970222946848850e-01
9.800485243668537461e-01
9.738060064487854550e-01
9.687054989558004925e-01
8.509396073320474319e-02
8.954801019517326655e-01
9.712569512637901914e-01
9.666097883044042494e-01
9.708748859295150968e-01
8.941045117563531930e-01
9.975719391701809435e-01
9.825635641150671784e-01
9.416027891266601779e-01
9.771012356405617272e-01
8.844535853177269979e-01
9.926025602032989559e-01
9.511684496453765014e-01
9.691737878573569720e-01
9.089431119657478408e-01
9.712609429766597691e-01
9.528035466382939189e-01
9.770248702260129203e-01
9.119450507213612278e-01
9.848449890311933297e-01
9.844219380765185656e-01
8.808388629839690731e-01
6.310101003301769040e-01
9.783094467478407052e-01
9.776907444955973414e-01
9.579404528475691238e-01
9.833500470866305410e-01
9.885510825503914800e-01
9.732140003975044973e-01
9.747226625811339362e-01
9.436282275740028869e-01
9.743412780222528990e-01
9.831970809530129474e-01
9.939951190059921338e-01
9.499645898268395117e-01
9.643583600464469274e-01
9.741690929525721465e-01
8.657056017181087304e-01
9.645669701586697675e-01
8.778327447052874932e-01
9.387201812841290405e-01
8.886184535465914136e-01
9.744156184245760244e-01
9.158726460837709471e-01
9.227177125522979528e-01
9.866833504558660817e-01
9.646285651378975201e-01
9.888982995576151014e-01
9.839129849061524213e-01
9.401876129749364708e-01
8.052489575078223272e-01
9.659871147315735040e-01
9.810713723700881239e-01
9.803629310759288673e-01
9.454127163268364331e-01
7.693198370542972953e-01
8.976322265908429632e-01
9.845022771436312548e-01
9.348665177632881074e-01
9.594905218481628584e-01
5.352909299069856797e-01
8.237771573423530169e-01
9.949676253588984887e-01
2.121704977963632249e-03
9.813288683108251087e-01
2.627665203835289343e-01
3.741084689761414728e-01
9.731505858671182230e-01
7.689503856455909281e-01
9.882029325482137860e-01
9.942300721728789537e-01
9.870812435093870851e-01
9.441141856740639104e-01
9.431438961149899436e-01
9.855333097008407428e-01
9.970573718246648065e-01
9.688356188420802484e-01
9.851264837547252240e-01
9.934366156597341790e-01
9.857400135887917081e-01
9.879744285431968365e-01
9.878723031237933716e-01
9.248660097633166766e-01
9.830227017781004717e-01
9.936165613490969273e-01
9.938886000529622011e-01
8.383091861329808880e-01
1.453078621096872414e-01
3.833461546631701800e-01
3.599847674572049794e-01
6.542302416722182989e-02
1.334387841990843093e-01
2.800401938639756061e-01
3.638257876728370199e-01
6.105451645529418325e-01
1.776899481549085169e-02
9.090803484085011599e-01
8.720812538482962673e-01
8.120654052068362327e-01
8.948184898134744492e-01
3.315755311254486304e-01
7.533596717516610752e-01
9.865201839101095382e-01
8.952630981536997823e-02
2.300892515897249094e-02
5.170851239121398990e-02
1.162579947829208149e-01
4.990403892122993734e-02
5.137103506772293382e-02
3.669177417855212092e-02
1.470916498941189296e-02
5.367041278114565578e-02
3.620667575112837544e-02
5.762862227437105106e-02
9.422417038312841386e-02
4.976775815450550089e-02
7.977993205134603638e-02
7.247946008473010737e-02
4.569883657324509685e-02
4.990469825688766126e-02
3.857528672763936572e-02
5.584753420783490352e-01
2.835703811057236831e-02
4.513530364980121445e-02
9.926207207200135607e-02
5.578806062345764705e-02
1.019617984372674438e-02
5.944019684682258498e-02
1.814483345851282056e-02
2.277027756959187077e-01
9.574356959788010366e-03
4.791765663544029358e-02
5.695610736680972556e-03
3.933328461532953346e-02
3.611292597937196813e-01
1.525788856887561051e-01
3.245219806142184416e-01
1.395075613431869810e-01
5.614706053580593714e-01
1.783620636319586672e-01
3.300097865846252088e-02
1.251426333660104750e-01
1.143986582492933276e-03
4.222050791047736729e-01
2.117168339094107135e-02
1.581041856111177202e-01
1.584440784307358449e-02
1.120519384902332431e-02
9.432389612887499830e-02
6.917757256788342746e-02
6.210393276288682721e-03
1.492813300205992136e-02
1.027838942872868165e-02
9.282650157794812562e-02
1.546707657975668511e-02
3.091041817670658540e-02
4.050381025369307886e-01
8.045227695169026791e-03
4.846310786187236763e-01
9.375017572229832341e-01
1.483384453398654129e-02
4.762555648807368508e-02
1.921555766938514570e-02
9.274349224985675155e-01
1.612251820074509512e-01
4.153905733800044436e-02
6.052118227327209915e-02
1.977362449885849277e-02
6.395892098183203478e-02
1.043318815353168200e-01
2.045844108596978073e-01
3.673886268857483595e-01
1.551988009333750591e-02
4.518523500332351228e-02
1.590924205370266853e-01
1.684449983853500143e-01
6.240201814181432771e-02
2.497964910728198984e-01
2.145543907270439088e-02
3.443566768366998487e-01
1.310797982017793406e-01
2.438474771979198125e-02
5.682405604713261504e-02
5.337874006722275778e-03
7.872411390412939122e-03
1.531863906068422210e-01
3.522975580482436836e-02
1.742795744962589988e-02
1.665458997589984447e-02
3.535142416670792286e-03
3.636213707920129320e-03
3.644557438071782673e-02
3.224754547131247207e-01
4.121755831623332561e-02
5.203672017048991023e-03
9.609151254287894364e-04
4.160123200815657452e-01
2.728479584687009980e-03
1.270583743508665320e-01
1.917817598300754559e-02
9.092052650958883792e-03
4.528299859698153330e-03
1.648632638019477056e-02
1.074206579093675007e-01
2.147934051652301141e-02
1.995580151421963086e-02
8.548353556472054748e-02
1.092976695513130786e-02
9.211305489044346179e-03
1.908341366979486586e-02
2.864363434396974967e-02
6.329409965429466656e-02
1.696682246771427302e-02
4.797872759727370151e-01
1.491278559186830499e-01
8.978266255838397714e-03
6.424140892246385515e-02
1.131573380053194633e-01
4.015343556016140458e-02
3.304729822950247531e-01
3.458205540321894218e-03
9.442369972829054436e-01
1.304634063766474672e-01
1.072214838867290160e-01
2.399102685777314888e-03
2.014584144405133850e-02
1.172182573391288528e-02
1.245923862854950853e-02
8.236185418835673122e-02
1.231423066577467390e-01
1.771896123746391771e-01
8.194528407432548622e-01
2.255920219222977072e-02
1.010275213675187189e-01
1.260761362196335077e-02
1.127358798386398145e-02
2.122091818775532004e-02
3.773651837848419205e-02
1.540622728691029841e-01
8.003127834118496653e-02
4.877069385871166812e-02
1.484488543071138360e-02
3.448995779331099493e-02
1.930264728981932396e-02
1.365559946642451797e-02
5.529959238401777055e-02
1.873580787546582499e-02
1.437148348084568150e-01
1.086427999678312925e-02
2.533374966938692907e-01
1.898602483070348929e-02
1.085347403620615277e-02
7.035237444143649550e-03
8.157361367120875492e-03
2.478873357255661006e-02
7.759338609442968659e-02
4.227965306810181900e-01
1.186240407100333238e-01
8.666574494463691325e-01
6.429806039246399596e-02
4.056011147244292271e-03
5.702564701264221936e-02
2.611949496842540328e-03
7.533101787699594820e-02
5.986184006430458893e-03
3.148658524504239220e-01
6.054531280133155537e-03
2.212997454628278793e-01
2.387775943460997835e-02
7.674258507900336146e-03
6.362990393467005124e-01
2.836717022983748036e-03
2.229429870367453242e-02
4.117608605848731285e-02
1.406620943811215212e-02
9.288235829066408128e-03
2.169133663480307117e-01
4.420853432523992599e-02
5.261399086184165297e-02
8.861161684890523846e-03
2.682587629809367151e-03
1.052572695537204867e-01
1.071214512657907847e-01
5.227859709581577502e-02
5.223273970728501414e-01
1.089041362835316412e-01
3.692146426242041111e-03
2.351086179712136570e-01
3.524262067409455329e-02
1.728173834259249392e-02
1.178314992928118643e-02
9.195003144178758026e-02
1.801295367943563097e-01
2.373478148274373034e-01
1.351024438311788922e-01
2.161534416495908620e-02
1.151520735804102413e-01
2.073183413708448442e-01
2.665970873036464794e-02
6.285368007633770904e-02
2.245584485846578993e-01
9.632890015440764842e-02
8.281101619496529509e-02
2.754480401421476043e-02
1.053817426113386468e-01
2.397794640360870200e-02
8.497688569476701675e-03
7.148663568620457209e-02
6.764541261794383697e-03
1.434595090174999379e-02
1.348212167987010990e-01
1.211624624076310941e-01
6.110190427297888111e-02
3.793389499713265695e-02
9.996681703252358053e-02
5.770374294356973681e-03
1.485190957454102754e-02
6.052454380644731874e-02
5.801502623918507878e-02
8.264291822871032422e-02
2.090009287683834011e-02
2.379470872533262227e-01
4.653605395495578889e-03
6.609076963641471458e-01
7.050311576298550209e-01
3.800612027296570300e-02
2.916587768647376649e-03
2.639750571107188706e-02
7.031816750428349083e-02
4.666162441118347493e-02
4.996302006461247336e-01
2.197134722616590416e-02
4.776080371399407110e-01
2.852435563022837073e-02
2.356397304656026037e-01
1.065401620951503536e-01
2.837126156050900558e-02
5.340574669755192988e-02
8.043452618495566808e-02
2.407752446312916572e-01
1.142356678745294896e-01
1.192937797278245116e-01
6.111464360772341786e-01
3.225534598733684200e-02
9.865824421487034979e-03
1.102964009907890508e-02
3.637146453612053604e-02
1.769445266787942478e-02
1.912310051723349613e-01
3.470049952105469515e-02
6.201714248562910370e-02
3.087209813548773968e-02
4.351261839599721015e-02
1.342124878650288733e-02
2.251290745323867096e-02
4.022054697266319589e-02
1.029260191717145181e-02
6.029781418505643364e-02
5.100569478486729341e-02
1.378915736062235609e-01
6.353437695891701008e-03
5.967472213028696126e-01
3.280438220528389404e-02
2.012246666444958698e-01
3.250142390502325784e-01
5.953917342120493839e-01
1.618162093823741765e-01
1.390778222200649700e-02
1.886802109080574705e-02
1.044594327153090460e-02
4.578302209160269726e-02
1.049627590414158457e-01
1.851300732122457965e-02
6.103134733056511108e-01
3.299904418822838942e-02
7.746414225379580909e-01
3.373034977976688970e-02
5.161957535070095873e-03
5.952812762644035804e-02
9.147247118393557752e-01
9.582910320223489431e-02
2.292880718647439392e-02
1.170732624496433200e-01
5.532752192950614323e-02
2.739396376393803470e-02
1.565977381439490057e-01
5.233463976463233192e-02
1.093470560322628606e-02
5.426144390096010982e-03
5.116047917085957825e-02
5.161940029639239258e-03
2.658750493404513429e-02
3.757424554547023413e-03
2.248905547928105667e-02
5.775866649643680156e-03
2.114940250925430656e-02
1.018097420354008575e-01
1.738860915638521659e-02
9.907809038933218515e-02
3.111968673325547774e-03
4.835162889015177066e-03
1.175759565147399821e-01
1.294493486837622886e-01
1.777401718692088461e-02
1.020600771240560978e-02
1.062705005235364125e-01
1.549835420860765436e-02
2.582568224453379857e-02
2.804112605526257185e-01
8.266816531663174761e-01
1.789375324717619731e-01
6.774113491064746861e-02
1.341370725828170685e-01
6.779609202825770398e-02
3.789497731471593717e-02
1.118904910698043098e-02
1.142629184315328665e-02
2.136669225427590205e-02
5.408434422194270674e-02
2.262016195466246271e-01
9.499631640441286162e-02
5.590592873872417962e-02
5.498233815733041818e-03
9.245195429779212715e-02
5.226373275990463946e-02
1.596251584287703973e-01
2.031141489192973479e-02
6.325516540850123146e-03
4.315351020824614858e-02
6.062270648902948755e-01
1.138220812866675147e-01
3.490340887418255655e-02
4.821155933989643150e-02
2.604494630560499208e-02
2.330447527372857958e-02
1.042507218567951220e-02
1.021679474066849655e-02
1.407984618328078918e-01
1.389102955765895986e-02
1.964395170687068502e-03
3.984390615487325149e-03
2.989828916970155848e-01
6.673538194366370781e-03
1.163775767354963478e-02
2.916267526207001054e-02
3.086042413234590248e-02
7.571256809050423697e-02
1.906018910454464546e-02
9.964130178039819485e-01
6.609316213385431071e-01
2.744563409798672290e-02
3.513512909745602347e-02
5.012843159671882126e-02
5.406696849124210079e-03
9.850006476526250443e-03
7.753960227141356784e-03
2.228889887381376445e-01
6.017251034882194899e-02
3.129506731393478548e-04
1.020595568318597435e-01
8.942487432654713103e-03
8.674877294047186882e-03
8.125096438132813070e-02
2.806512867190048000e-01
6.205953171741251245e-02
1.908839326411576262e-02
8.660851662016151586e-02
3.655228267730492031e-01
4.600754044596310627e-02
7.040808174540683639e-01
5.286314136521631096e-02
2.000767504952292303e-02
4.854589179734085380e-02
9.110977337409056909e-02
1.448622406619733960e-01
5.266220350853879212e-02
2.288091149441178196e-01
7.438475663153598823e-03
1.990411039884082967e-01
1.683461598272757015e-02
5.224201110352656198e-03
6.673462146986833092e-03
1.569492651171168832e-02
1.034801176932554079e-01
5.150923122112731345e-02
3.588651290794518944e-01
3.863823674095312466e-02
8.713075642930395714e-01
2.029390183864055452e-01
1.571646566278489185e-02
1.481112935836173539e-02
6.161243916546689514e-02
4.797889463719931524e-02
4.518385171332143548e-03
2.002783721470010048e-01
1.831859888248088264e-01
2.513854127781298131e-01
3.011326304045994773e-01
1.962335945686888294e-02
2.233662750715057627e-02
2.340024480053220710e-03
3.693177664304230726e-03
1.878885005925428064e-01
9.384600538577602541e-03
2.407820705710458226e-02
2.317545754161597915e-01
2.824271966165527448e-01
3.872721290341200710e-03
3.962116348656317677e-01
5.342356182015877558e-02
2.569718232019310364e-02
6.680903205185563520e-02
3.808886050982334542e-02
9.785789343825540554e-02
1.957339607777529578e-01
7.581036384961146180e-01
1.025467224482484035e-02
2.709462382354203558e-01
1.655686358158572902e-01
6.100468849673530009e-02
9.237967288184764647e-02
3.455562666988928194e-02
4.025930759622086685e-01
3.881084734036054779e-02
1.000291692981933461e-01
3.270354589166380582e-02
1.030438915779454886e-02
2.060100342259186534e-01
8.276571840297612670e-02
1.617704922618554142e-02
1.821150857031617748e-02
3.503494263618604082e-02
3.702518712183672234e-01
5.985829597141347630e-02
5.746975950742924111e-01
1.407497446897890137e-01
1.196743691917066463e-02
1.603944511844588097e-02
8.881188301710436078e-03
5.277470617869357561e-01
2.233491347883529918e-02
6.776361509696091079e-02
1.012204089593313726e-02
2.550339637049306094e-02
1.284345274696947932e-02
7.540638513360018239e-03
1.626476671871171162e-02
9.179160311214995191e-03
8.618460500453070106e-01
6.610908114406912617e-01
1.468273700309472574e-01
1.795163615013793679e-02
4.051942891293722898e-02
6.331813919650296218e-02
8.488877383897969545e-03
8.588119140410470365e-02
8.457798144518979822e-02
1.117198056565641834e-01
1.128516392595689879e-02
1.459016689052614058e-01
4.035936312809188659e-02
3.264118886511247538e-03
2.751666418508010720e-02
1.102460931282730691e-02
1.405338789209407968e-01
2.691646704667751203e-02
7.025822958498370227e-03
4.077818723888159899e-03
2.736378288446446663e-02
2.980637498712400760e-02
7.664281881564734000e-01
5.775709278220507795e-03
3.711967964570424272e-02
1.056778644998066508e-01
8.186255205983525296e-02
1.416984090468817806e-02
5.412109737833552953e-03
6.390131762995715503e-02
1.438839177253760926e-01
1.945317897824898612e-01
4.480376970290241012e-02
4.651908107375551764e-03
1.651486005716228944e-01
7.952198773368320817e-01
1.611114107153989797e-02
2.810448290622145559e-02
3.659750083767317197e-02
7.619567092590842639e-02
4.126642280805063907e-03
5.794443111680709357e-01
6.786257879295685969e-02
1.444543062320913229e-02
1.259029704103661190e-02
7.190189369394666373e-03
7.826237896804212613e-02
2.016489288833162030e-02
1.023981304120031438e-01
3.790446273517429354e-01
2.690763541454329819e-02
6.249032903261117489e-02
9.410700897950018406e-01
3.001826733066281696e-03
5.514011464592689232e-02
3.311322799313317078e-01
9.448789765719693701e-02
1.332021623672233895e-02
1.041924172817918458e-02
1.059960161151806378e-02
8.331287317970029194e-02
3.171449421992884876e-02
8.240692980541541868e-02
1.395387563174229073e-01
3.782805510048698472e-01
3.170704707220774188e-02
1.173685528761489183e-01
1.287052243872628399e-01
2.459536862388969278e-02
1.918926508688571092e-02
5.332859037218366793e-02
1.381714828986333431e-02
8.854154324403746834e-01
1.530403241946612092e-01
4.763368013936745277e-02
1.406720720175899109e-01
1.037659107420233623e-02
1.589655506482027733e-02
6.243208267237014830e-01
2.720390651711123153e-01
4.363455464445946570e-03
1.943018185729336877e-01
2.674054721053837347e-01
3.887723023160827296e-02
4.937719458078736537e-03
2.432927191753803901e-03
1.909462085873106507e-01
5.063771973150923422e-01
5.560232129619670921e-03
2.407038245645130164e-02
4.925091044645204391e-02
7.282393658046545926e-03
1.012124943593454771e-02
1.790863405920851692e-01
1.286439242482922407e-01
6.298903039037924596e-03
4.334719334313175132e-02
7.930889080539724190e-02
5.552696480574754664e-03
9.181242098316461098e-02
1.516009630301330680e-01
1.283509713836384833e-02
1.114517070513479022e-02
2.712368709066616604e-02
2.999575828367376240e-02
4.713254817844531736e-03
4.062226388794549364e-02
2.461955000314504025e-02
7.658101648589397958e-02
1.663392906669340088e-01
4.438999348879824058e-01
1.034697838884658661e-02
7.213632111875191433e-02
3.054619939919584956e-02
1.170860084023137536e-02
7.564471050800369856e-02
9.822060493539110093e-02
1.106036339524626815e-02
1.666891483634089788e-01
2.917191075462429242e-02
6.168628675922399607e-01
5.003256687088733501e-02
1.578018504495332444e-02
7.814004888938656454e-03
1.147368678879897297e-01
6.310297592587534032e-02
3.564040727894899896e-01
3.058035669840827517e-02
3.990921485428156751e-02
4.407437132395684160e-02
1.371445349244076843e-02
8.257054728870829793e-03
1.726594507393288888e-02
9.430473120328816128e-01
1.203310045738704460e-02
1.906778524158536658e-01
7.785818341502537265e-02
6.805521261934711907e-02
5.251401453595714308e-01
6.363265812228134921e-01
2.129375487082366680e-01
1.156859705087859465e-02
2.115184026297837194e-01
3.511565751506922142e-03
5.382281012392812342e-02
1.326667789240667528e-01
3.635972795197855295e-02
4.243344674506847880e-02
1.417850378287945079e-01
2.268103938026494633e-03
8.163072601155067082e-03
1.659653148856434293e-02
2.266516262954214878e-01
1.335958239905372762e-02
3.748953114609340220e-01
3.339456657964234940e-03
7.736094088878763264e-01
1.258165844384025525e-02
1.376700060567108419e-02
9.026105576086613791e-01
4.154820152473436695e-02
1.515226384429419204e-01
1.315955546456822889e-01
9.732150153213510180e-01
1.255926858918537947e-01
1.085294668098096479e-02
1.484863244729062691e-02
2.907187635060519693e-01
1.214655655628342663e-02
1.545060419430282217e-01
3.708561742701021752e-03
2.836745482996733680e-01
1.308368145299143755e-02
8.684310782089128544e-01
1.464876645017794132e-01
2.436347206219237338e-02
1.822062102391923677e-01
9.805085075271846584e-01
4.905147364267915637e-03
1.554536125876131991e-01
3.904150633104563201e-02
2.218657666548091989e-01
2.706714309868513482e-02
1.035357452841502435e-02
5.239133083449418749e-01
2.110387293945299551e-03
2.330646767311372602e-01
1.228985486065527349e-01
6.413047603181160072e-02
5.773913949841721904e-02
5.320477571576150665e-03
2.364960470105450380e-03
2.483475773088755778e-02
2.353129351002093000e-02
2.676565436875811069e-02
5.080710205733351796e-03
4.333930119734487330e-02
5.904592694090137206e-01
1.243797691239733640e-02
3.457439238368820167e-02
4.039813488698465113e-03
3.015097252593137989e-02
9.402541397128318101e-02
8.484078177759363237e-02
1.766096049022563078e-02
1.771365610087303338e-02
3.646592944280000609e-02
2.463315355587462063e-01
4.084712480722498158e-03
3.281951965297894708e-02
4.871402518652300298e-03
1.308657394948755347e-02
3.341208213678072657e-03
4.313633646396409782e-01
1.725569577996351744e-01
2.954874494164895851e-02
8.843863900823885071e-01
5.067108432124665940e-02
6.422541880694832006e-02
8.847400757280382555e-03
1.993104878139871639e-02
2.267439873584423463e-02
1.469215616477376890e-02
2.574763655729761513e-02
8.252879752255258550e-02
1.435722773139038455e-01
2.313350449117673388e-02
1.353580040405365529e-03
4.155482134434037959e-03
3.400056740464503513e-02
4.276914732653984419e-02
2.556520847898914768e-03
6.063603692432668890e-02
9.825754374064972485e-02
2.776754347828644040e-02
3.982447997628727615e-02
5.535237133113423205e-03
6.155417604023681877e-01
1.717539674789472781e-01
1.313672733210785593e-02
3.967158766274827587e-03
2.097659812286546688e-02
9.877770116023152358e-01
5.770311610764310151e-02
7.761139161409054757e-03
4.579384304365595737e-01
1.931252532844765502e-01
4.399138070055736427e-01
1.566877114296502324e-02
2.547391273402068584e-02
3.649937002257244156e-01
3.302105001914515947e-01
2.245173039552382163e-02
6.818596060476345144e-02
5.992412053535940419e-01
7.621381319485510952e-02
5.611806281904304153e-03
9.827690632941527005e-01
2.637470448194970118e-01
4.780078070914214189e-02
5.940562051988929060e-02
5.075875058053185285e-01
6.990397921853126750e-02
3.564423015306071862e-01
2.750589375530718694e-01
3.479094362429309504e-03
1.548233204702647615e-02
2.420612386381781889e-01
1.419404028691277075e-01
2.215985594292297356e-01
1.332366824643400893e-01
5.930305215194443119e-02
1.887882362475565845e-01
1.801499221043270302e-02
7.331321186229520226e-01
7.079434940233479689e-02
7.554419034259316455e-03
7.073309196471934401e-02
2.886280099473924055e-01
4.049998437923525013e-02
3.115532007216324784e-02
1.126050302476275106e-01
5.699623626293767731e-02
5.150332884621947396e-03
8.432207273543824988e-02
1.905544468040032066e-02
1.049643427552677116e-01
4.272780959776423595e-03
5.123910602944001802e-01
1.398638783991335288e-01
6.858861786229308866e-02
8.916506043709915286e-03
8.543799488070830117e-01
1.270412117686644735e-02
2.914595389598401698e-01
7.508489284299922281e-03
4.281032956598164463e-02
1.036628367153512829e-02
5.376307349624799038e-03
2.025574040459210690e-01
2.777252284526451551e-02
1.007880427977529345e-02
4.288118503133067812e-03
3.750796829405497225e-03
3.917666687441544449e-01
7.554928120122015450e-03
1.828472919727680834e-01
4.670446378182733227e-01
1.230655858039374911e-01
1.115601404747092185e-02
4.392556872669386298e-02
2.537383734320901585e-01
2.740594649406405403e-02
6.937136674809969705e-02
1.496356062769898035e-02
5.080740515455936523e-02
8.565960939950867381e-02
1.123347789828094134e-01
9.852520416478095788e-02
2.339461472586923732e-02
3.967838400762148388e-02
6.787081413056994528e-02
2.957447244521955731e-01
5.914392645509560648e-02
7.698105440841213065e-01
4.317089898919444502e-01
4.080174310688849254e-02
1.189683032552616149e-01
7.211271329721288259e-01
3.507914931290943839e-02
3.834413397767217485e-02
2.954073374981312505e-01
1.540656440206353561e-01
3.074093491506260656e-01
1.034890444719019781e-01
2.842569978343438900e-02
2.515614460305694994e-02
1.893836924222418866e-02
2.864069930511234374e-01
1.851554092502095614e-02
9.750481641147602518e-01
3.888465146430155478e-02
1.038598928459709275e-01
1.296815995458257820e-01
1.317229429739510786e-02
5.222722644203055438e-03
6.293942165211725837e-02
2.177197570640845153e-02
5.294638261802270783e-03
1.314769209666602212e-01
2.844041624555747674e-02
1.044017772933910210e-01
8.014226535589688560e-02
6.891418180794103496e-03
3.620879674867940635e-03
1.409826008348106507e-01
6.799021392228009608e-01
2.402210494579711531e-01
9.308012785876975531e-03
1.087731748591935256e-02
6.805335457844786939e-02
3.199276278287397912e-01
2.285631871284206015e-02
3.541270741463808935e-02
9.463516778063465473e-01
3.730140535118196543e-01
3.236746707747216734e-01
5.467463957165499128e-02
1.199484196291767009e-02
4.542502200952093852e-03
4.439915448694466832e-02
4.473459505813261183e-02
1.149284913593710961e-01
8.074874227304565388e-02
1.199241397253029834e-01
1.544573460146941857e-02
5.488632316770747019e-03
2.089915320379402142e-01
8.602526922415206778e-01
8.396899433847354599e-02
1.077817631368264799e-02
1.414702708016484997e-02
4.760850990677640421e-02
3.306520743773484067e-02
3.579652380491239044e-02
2.148224750046917944e-02
6.877861516947827991e-02
1.077249805115118170e-01
3.302482590522815356e-03
1.792890636135360816e-02
7.800212044816312064e-03
1.404021603056861689e-01
1.816369044470271879e-02
4.437087754124732081e-02
1.861096445690173518e-01
3.661040854300634528e-02
1.456874016068891199e-02
3.798103887281749358e-02
3.270570440678999963e-02
1.405848565698607049e-02
2.648807949349680224e-01
2.813908050401098607e-02
4.446651071646404163e-02
4.190817778689365919e-02
6.607093473408272299e-03
7.070423380895522747e-02
1.597661956709944264e-01
1.162156142529092127e-02
2.121003403406022253e-02
8.569982974024077382e-01
9.218008630243730225e-03
3.141091608187153161e-01
1.684386471581096334e-01
2.317795119959737971e-01
7.339637202020017348e-01
3.031684796040708379e-03
1.188511181891740119e-02
3.991714996763708403e-03
7.171982661607384513e-02
7.754875998539705051e-02
6.811945137612812617e-02
2.272477929408998898e-02
7.706518423673504141e-03
6.313950361893790574e-03
7.254418414169027524e-03
2.369117436208396099e-01
7.287381098374404176e-02
1.563579443490970000e-01
5.869466501249664264e-02
2.813518265980909268e-03
1.805292124283778277e-01
3.095894213508277801e-02
1.194785453404653176e-02
9.625194521965648731e-01
6.673663260961302246e-01
4.905497403624672209e-02
1.506646579236857290e-02
3.685889992199062326e-01
5.095371431909041316e-04
2.672409738370573051e-01
1.940411795568404776e-02
1.950953360961114047e-01
1.081857596852143534e-03
4.594271802927181458e-02
4.910377494322265002e-01
4.997980441390142275e-02
1.115906382171205635e-02
3.563415408638471310e-02
9.281612582085539687e-02
2.188182951913527352e-01
7.306718964484018933e-03
4.385239613815254678e-02
9.354653410856313481e-03
1.016159577355607441e-01
1.363005163624705640e-01
7.157590215196944598e-03
1.148886032408595083e-02
5.281499511257276014e-02
2.470896092634142574e-02
9.792070798295914313e-01
1.447698284233365530e-02
5.518312038710083273e-02
2.317124173152193545e-01
7.404315788722923633e-03
4.377557382824400628e-02
6.797925481895372712e-02
5.067561233884707722e-02
1.627524737176185010e-02
1.686854031971679255e-02
2.053599743526617061e-02
2.583626964287724648e-01
1.316632999539980031e-01
2.033762044588958290e-02
1.103773427289211212e-02
6.620126908973406055e-01
1.855241722545525329e-02
5.183218695776110885e-02
4.835948653919656254e-02
4.968331195090500488e-03
9.986701383263222320e-01
4.446816514421393918e-01
9.381896404987834226e-02
7.267588542552929839e-03
1.745119226362790849e-02
3.314325997547412639e-01
7.578693238795275455e-02
1.031322138353532036e-01
5.439603221023155827e-02
7.842198080881759292e-01
2.292377390351303390e-01
9.936751412526426824e-03
1.705629580907854631e-02
9.426428779917208622e-01
5.426757602368768862e-02
5.015285631921882412e-03
3.958435425433408719e-03
2.133335099029605789e-02
6.093264254985608641e-01
1.977516665925545952e-03
1.818578486420143587e-04
2.799710746385268290e-01
3.081092710106822508e-02
1.392907755502149070e-01
5.541745877135591421e-03
3.000660100395880631e-02
8.971617482471369587e-02
6.428405261967509200e-03
6.080888305404552781e-03
5.504143772419324288e-01
6.531182634819773791e-02
2.837029618683712534e-02
3.136374838669747644e-02
1.528458481804855496e-01
8.210931471805468784e-02
1.569398185568806128e-02
7.197031927985220179e-02
3.323560770570169881e-02
2.958636777607581009e-02
4.899996917505398952e-02
1.393525230664473535e-01
2.097599686853332188e-02
2.257361041585585065e-02
1.443983250707434919e-02
2.973066002739081001e-03
3.430722194677816861e-02
4.171076525666145285e-02
9.872405218580699859e-01
1.772234380873651538e-01
7.189965024692313023e-02
3.973944637510576361e-02
1.493491227673857287e-02
5.984426479746434574e-03
2.417891168039896371e-03
6.887944649945844551e-03
8.154998299103264833e-03
5.439974088544770672e-03
2.286360614626790216e-02
8.102568556740528949e-02
3.341011856794420809e-01
1.198287907864012229e-02
5.578009346163158577e-01
5.207563649708467635e-01
1.890804299109329900e-01
4.479809824825928440e-03
9.215822538953001297e-01
