6.108891795199827834e-03
2.608838131718478337e-01
9.729206005235629950e-01
6.571073798932898224e-01
2.720744994118434179e-01
8.310863805029858886e-01
3.914990099699241360e-02
9.910898640528936765e-01
4.006493625474530917e-01
9.537809389836613416e-01
7.963315979541469858e-01
5.450689454425650116e-02
3.977308298474729886e-01
9.571735907097036478e-01
9.471566363689039036e-01
9.856017349500691971e-01
5.432862521527792588e-01
9.229589825585083895e-01
9.847016407817089645e-01
9.922599016934522398e-01
9.917547674508653266e-01
9.978367431094591344e-01
1.474115488714291405e-02
8.635384480172508814e-01
9.618815101333897388e-01
9.629242389118258805e-01
9.646652262194991279e-01
9.974916852567510261e-01
9.896915508509107617e-01
9.792013490372242224e-01
9.868082692505630860e-01
9.922820095150396424e-01
9.966096379382387571e-01
9.014541749179733054e-01
7.147097965032702671e-01
7.199014509249344052e-01
9.821709183970356305e-01
7.048363296936785982e-01
9.968872627341904824e-01
9.946018853453956199e-01
9.926010871962167581e-01
9.968314183072499723e-01
9.672158642217283386e-01
9.716891131104916646e-01
8.888810491649898893e-01
8.182205040497338988e-01
8.321973369232187334e-01
9.595213867033862698e-01
9.542169859653399921e-01
8.928326601358929082e-01
9.722792382593788973e-01
8.657846281230298091e-01
9.723030471847518008e-01
9.951646216396459188e-01
9.807958738917285091e-01
9.819481163081001940e-01
9.875331953444548283e-01
9.928044757999890946e-01
9.902039158207951441e-01
7.633036086714588553e-01
6.841449960163754618e-01
9.849652342130804650e-01
9.740018194751415281e-01
9.718195528423998475e-01
9.836684523436259875e-01
9.776448863076705464e-01
9.782705488586680431e-01
9.841492085851571980e-01
9.905313759389287043e-01
9.707623829000616711e-01
7.382073921412765083e-01
9.508318412391137953e-01
9.618982927126757954e-01
8.926749193964881313e-01
7.871946988823619318e-01
4.295985089190699768e-01
2.325591394343020160e-02
9.549779128850386378e-01
8.186632474556863048e-01
9.660345980163821400e-01
8.307170093908775588e-01
9.612072403365427009e-01
9.375892803326795200e-01
9.940707837339187725e-01
9.088116134961963244e-01
9.922541652015506308e-01
9.542907814864854954e-01
9.235476505336003283e-01
9.844934497428179387e-01
9.914915741880160338e-01
9.796363821336180333e-01
9.731024346124435009e-01
9.218096732761225098e-01
9.869395030996144236e-01
9.010932257129747880e-01
9.784784711685357017e-01
9.897332741866525785e-01
8.929326240334048981e-01
9.652056147538627950e-01
9.931697912490633495e-01
9.811304680413404089e-01
9.955323257074886190e-01
9.976242570808526722e-01
9.830962663943396684e-01
9.988023712170323032e-01
9.952386016641887601e-01
9.921614897875602468e-01
9.927785781351979866e-01
9.954986886456076434e-01
8.081580660635079294e-01
7.567048287593789446e-01
9.756777624736946430e-01
7.662849808517483430e-01
9.970522693180400298e-01
9.613824906271882798e-01
8.995992231502436542e-01
9.917266261505347513e-01
9.941282660466747023e-01
8.619422463361495756e-01
9.940995035346703590e-01
9.738185261915019986e-01
9.413991888314928724e-01
9.988595555882036070e-01
9.929610087483328185e-01
8.959869308092622830e-01
6.426054642138718798e-01
9.946985807928372392e-01
9.845109795325929225e-01
9.906462377158037347e-01
9.467234222142205669e-01
9.970819172363208915e-01
9.813471186711180128e-01
9.520425798106365578e-01
1.571264505725450122e-01
9.815970866108547632e-01
9.723849578453311882e-01
6.864322994256082389e-01
9.830816470411348762e-01
9.748429856155926831e-01
8.785536624552333640e-01
9.932397304255941028e-01
9.935797877142317214e-01
7.306524909944097645e-01
9.879031532870169441e-01
7.222191628468177527e-01
8.289535558631417889e-01
9.035326091616568966e-01
1.866957527392731908e-01
4.385275748033031218e-01
9.089591739050144614e-01
9.893018954494761097e-01
9.811374530687191342e-01
9.781172338373094188e-01
9.724711326882816698e-01
9.756221872889782043e-01
9.749858660268478916e-01
9.919237495016185457e-01
9.725666561723519399e-01
9.709981785248182895e-01
9.742756220708324033e-01
9.918645716641301124e-01
9.946313632540574323e-01
9.999459516054626240e-01
9.999277089863021217e-01
9.773764502061268455e-01
9.415957284154125029e-01
9.347853077758201401e-01
9.928747630038754490e-01
9.931948297769100931e-01
9.929983520134862962e-01
9.954636423346010510e-01
9.534435569746400052e-01
9.972645686560298595e-01
9.351764257795424085e-01
9.595786916848452197e-01
9.627680972859666841e-01
1.185093685889487963e-01
7.178782924054541992e-01
1.888146495943568981e-01
9.701706424517756444e-01
9.908709130611949023e-01
9.742788107261115549e-01
9.668870865030109174e-01
9.953758171687214773e-01
8.192324853464587608e-01
9.588939925468655812e-01
9.642747370470829971e-01
9.917295377610517715e-01
3.261143793920595613e-01
1.055661600920062698e-01
9.948686166537890063e-01
9.989737521114908647e-01
9.529537353236304797e-01
9.882893700727944930e-01
3.372118172884887577e-01
9.738152551764228670e-01
9.935311649750659946e-01
4.027594220927585567e-01
9.777987737447411121e-01
3.143960466164069656e-01
9.707119083012870631e-01
9.256007574147814276e-01
9.930068270732066438e-01
7.305761513556824349e-01
9.832019921369616888e-01
9.657296595148171514e-01
9.722197798249171408e-01
9.892944314469098721e-01
9.769541942375197241e-01
8.386517469420150528e-01
6.854495734131063056e-01
9.656327961011351713e-01
9.635753213310058740e-01
9.863626810387736699e-01
5.166115980902650229e-01
7.531312336631781346e-01
9.923975740481736363e-01
9.838095596265775677e-01
9.399343199205992816e-01
9.394424974227219005e-01
9.810712304178824672e-01
7.447533003430796272e-01
6.316088869852596321e-01
9.950048672914453274e-01
4.020124992904456351e-01
9.837755731520716473e-01
9.248435519411843941e-01
9.907950572679359302e-01
9.870615027072091596e-01
8.994899559152664814e-01
8.302397733218658260e-01
9.880673787563797328e-01
9.967293858431955922e-01
9.972298144002927911e-01
9.897987551650188065e-01
9.931465036303902538e-01
9.957095420536022923e-01
9.964211644921595612e-01
9.990549798891071864e-01
9.977360521244205138e-01
9.945872114721932000e-01
9.941009080627198902e-01
3.478360495805316033e-01
8.861872947982559756e-01
9.235747992067687706e-01
5.486637891998158434e-01
9.525703049808201817e-01
8.399441085708089227e-01
8.540713782198776638e-01
9.483428132715233660e-01
9.875941000904131517e-01
9.775417696372845633e-01
9.498796250020410392e-01
1.327429453045549934e-01
3.958578201217644726e-02
9.582332105604521311e-02
6.994865102839491477e-01
6.926860313469868947e-03
6.455805403350480844e-03
2.676421169885987439e-01
9.986442429680351118e-01
9.877571982057340438e-01
9.914402535217770041e-01
9.926095261028025085e-01
9.933086931907706418e-01
9.902414356111848281e-01
4.676219244334656189e-01
9.166829004085134125e-01
9.144911231392208739e-01
9.847424872028384124e-01
9.913197694783800751e-01
9.918134883890468156e-01
9.847864342462276932e-01
9.348026171973520260e-01
9.709590137392144493e-01
9.720188798650820639e-01
9.588952730297676252e-01
9.708033793588110028e-01
9.708604366293193122e-01
9.937072475410935191e-01
9.617096904492028475e-01
9.794947086737683106e-01
9.863311093118866113e-01
5.185576216083880308e-01
9.492780790224004672e-01
9.656797896239693868e-01
9.601876179259924982e-01
9.877594361501608189e-01
9.836695341450164554e-01
9.909853549147336071e-01
9.301501239816455380e-01
9.854700492095676001e-01
8.259940214412672121e-01
9.421452616369021538e-01
9.843490987880559873e-01
9.870155251178995837e-01
9.961277048604888495e-01
9.868310461472923345e-01
9.974012946027328574e-01
9.989668029384716208e-01
9.863696557983335778e-01
9.795793330801569887e-01
9.937363247496093788e-01
9.881085796916178055e-01
9.793498763300462207e-01
9.824888488749540238e-01
2.683321537911826926e-01
9.510453721790941284e-01
2.224238559885361732e-01
9.087886543514052118e-01
8.237874177200322778e-01
9.571090960779818912e-01
9.824066462569429614e-01
9.949014256736603556e-01
9.398629856795702731e-01
9.205142979387788138e-01
9.937133496885042216e-01
9.952972390779413203e-01
9.854233481828014174e-01
9.889215350156118634e-01
9.825188213252989966e-01
9.916503214601692928e-01
9.905239847537415931e-01
9.827852469677766933e-01
4.316808200550371066e-01
9.711541997872430443e-01
9.657058918440390993e-01
9.821705614183110500e-01
9.981074645824643543e-01
1.358057952333237561e-01
1.355405324747077089e-01
5.024876416594821309e-03
1.317781349986025217e-02
9.678640498403653369e-01
8.228216783000502632e-01
9.611097737967014831e-01
8.654779121240548934e-01
9.371173173322999705e-01
8.776337392245472380e-01
9.814900919689982794e-01
9.995076740504932333e-01
9.931846256502215864e-01
9.988260375582587169e-01
9.772840151089302596e-01
9.990707533763120152e-01
9.224006516152110091e-01
9.990089800365796746e-01
9.908491149928723152e-01
9.958274444907027068e-01
9.930188070828349645e-01
9.936129240687846531e-01
9.764199239608724046e-01
9.945359508095765744e-01
9.936449783451125617e-01
9.947558839729514490e-01
5.133364123997364858e-01
6.906793569286422407e-01
8.798424286703269148e-01
6.431200184981695767e-01
9.960635505822685865e-01
9.835547769462049672e-01
9.126024924966746887e-01
9.878391684633139880e-01
9.801319106297193828e-01
4.215481292859529217e-01
3.607765436341399123e-01
8.424531799493789608e-01
6.937371951805061665e-02
9.670034610880675618e-01
8.147256569769559809e-01
5.502227515076461017e-01
8.525175153736058720e-01
9.129152232185487881e-01
7.158813961768903944e-01
7.057174058858942667e-01
9.920509992574889635e-01
9.872732981030353239e-01
9.974864568675612109e-01
9.722195971589849828e-01
9.910429392428298234e-01
8.789441657544665443e-01
9.699618617296765777e-01
7.426455421832742210e-02
7.244931813795651987e-01
9.656382134725917110e-01
1.211997426830022234e-01
9.393869613830482246e-01
9.968882719050399244e-01
9.984337965504858081e-01
9.939405643970143922e-01
9.523106480159858611e-01
9.876819337440426727e-01
9.945385851501977736e-01
9.739772307510393690e-01
9.941337488574106818e-01
8.379413786045281087e-01
9.238528560010085267e-01
9.549860884466979671e-01
9.086836563257688626e-01
9.552606549930059421e-01
9.028028808303261155e-01
9.914104575547861842e-01
9.931260463420058526e-01
9.899406858432385770e-01
9.913385784111028443e-01
9.762501144378343820e-01
9.434958996825640876e-01
9.843531150669933005e-01
9.304511675929596493e-01
2.254314207001057724e-01
6.217673493907188015e-02
9.632968146467895121e-01
9.799682870470733942e-01
9.952078102742478727e-01
9.960147457560442064e-01
9.950956906809804714e-01
9.844217671408834747e-01
9.945219711219203118e-01
9.730643359572695994e-01
9.924386719276624413e-01
8.013005197745413088e-01
7.591147050531606988e-01
9.772770166191521168e-01
8.454282060100072327e-01
9.379620505876063996e-01
9.628573203225393451e-01
9.374785175890613109e-01
9.950085047141962180e-01
9.919432438040401978e-01
7.463851814074179414e-01
8.054975504019362686e-01
9.535017097031324163e-01
9.932514428274553664e-01
1.297457329805805637e-01
3.752945277722750106e-01
8.340058098026776889e-01
5.707763041405912452e-02
9.054897764191445209e-01
4.756384338858993255e-01
1.220430321250461358e-01
9.204405129138708563e-01
7.497246300631134341e-02
8.844167112533118935e-01
9.560895638030851851e-01
8.044917763245137410e-01
9.738988166815809588e-01
9.829156259347695546e-01
9.732056222478192575e-01
9.651141868586664563e-01
2.637248601551867577e-01
9.594691520371247950e-01
9.824136587750053051e-01
9.800737798135296108e-01
9.931543798884776564e-01
9.661262803387937748e-01
8.569623173244740322e-01
8.360278931113154233e-01
9.493723144985362072e-01
9.097540782218150879e-01
8.024376904802573707e-01
3.105168468840125429e-01
5.341622938664682824e-02
9.970446969335963194e-01
8.972113031712379838e-01
9.976527976121134511e-01
5.519366650862806978e-01
9.240630207164667043e-03
8.928316906790668694e-01
9.812785658539920908e-01
9.907024938772354128e-01
9.683533573901427216e-01
9.301712073104879686e-01
9.913957006784767101e-01
9.567484256652363239e-01
9.794998172955691196e-01
9.733396999138155259e-01
8.677457035113405048e-01
9.648169591735882289e-01
9.945749073415161012e-01
9.676204801995260674e-01
9.941649128522638268e-01
9.059839174477992696e-01
9.908693155763838023e-01
9.927294760231344384e-01
7.018353835500859006e-01
9.736202600542839258e-01
9.869948078809896996e-01
7.096558362080873650e-02
9.902398160048841991e-01
4.260067034075387671e-02
2.713817876429471809e-01
2.985812402252187581e-01
7.224484234048222930e-01
9.049062792413977707e-01
8.408886505506109055e-01
3.067594816801559252e-02
4.273119013438502756e-01
5.025045250871105207e-01
8.996120399771397880e-01
3.467023947963914776e-01
5.124335868978445729e-01
9.847174498099694473e-01
9.603629144327935352e-02
9.769063514694543704e-01
5.221188587339060660e-01
2.688710062216500551e-01
6.430949857742003506e-02
4.922026751902737196e-01
7.815625343390686375e-02
9.850971578802325546e-01
1.329745772298877027e-01
9.629057505342299983e-01
9.790457791673591315e-01
9.897040805350533210e-01
9.694992170297331846e-01
9.969524005077055051e-01
9.740785576887492914e-01
9.662040820795124718e-01
9.618718572312456860e-01
8.131144874740487971e-01
8.801122229221751692e-01
9.536791294094580929e-01
8.000952748561964700e-01
9.632965888632648577e-01
6.891571734775350233e-01
9.860146711620747517e-01
9.063805510913829355e-01
1.273810460944961032e-01
6.132980837588214440e-01
4.636675518769951543e-01
9.651460633587471971e-01
9.464384035424825425e-01
8.470237145241091836e-01
1.913645659661620257e-01
5.394170800666009402e-02
8.269243953422045212e-01
9.876731462349579438e-01
5.044698154796323220e-01
9.828679229993523281e-01
9.602403147222706714e-01
9.830502553162406842e-01
3.168739033007226258e-01
9.818607316615027836e-01
8.839675983423942451e-01
9.733646974021095133e-01
9.899677774283379694e-01
9.319093649119172262e-01
9.682368416956834700e-01
9.452292882522742579e-01
9.558501796079894586e-01
9.028684269785332006e-01
2.928940902622828024e-01
5.651600232226072773e-01
9.810034791663403420e-01
9.295456474041265960e-01
3.349815084701783241e-01
8.333031891389983681e-01
9.889911258739877420e-01
6.241289323668292033e-01
9.901221132767928923e-01
1.402530413918782635e-03
9.082719474444762575e-01
9.932767400413129444e-01
9.968507259058878578e-01
4.333342722756174381e-01
9.986279490325135066e-01
9.949279374753330352e-01
9.855390977637582539e-01
3.724082953544833874e-01
9.799477555302029685e-01
9.773094556028678603e-01
9.883206396023286322e-01
9.864739168869109953e-01
9.922859239269827825e-01
9.930553034206293095e-01
6.002474368142033390e-01
9.501796515744943550e-01
8.122754630741367832e-01
3.408505036558452383e-01
5.525244707744404460e-01
1.941736929591315539e-02
9.938043212250833314e-01
6.313716094800841949e-01
9.804853223552529862e-01
9.824597085947986974e-01
9.944114806673732820e-01
9.850178658011561339e-01
9.849725658934992412e-01
9.931466570036782127e-01
9.946306416518430060e-01
9.963487466809578530e-01
8.459254939715462607e-01
9.945382859894317251e-01
9.890278753065413764e-02
9.239166409111969624e-01
9.862594313061460172e-01
4.516552855345626893e-01
3.382028748630950266e-01
9.599220648287062341e-01
9.948382712672736439e-01
8.449824739829753240e-01
9.946699569337501545e-01
9.948449421191009057e-01
9.721567589434284562e-01
9.686635827691111311e-01
9.619388282819968383e-01
9.642551195114847928e-01
7.429345129102722378e-01
9.739337406143281362e-01
9.757649803363537266e-01
9.916709737012425752e-01
9.985886113508538608e-01
9.890629413291796013e-01
5.035520095639930416e-01
1.494327927009530266e-01
9.779475750309456483e-01
7.888111946434498423e-01
8.403351815209697540e-01
9.933889029917497560e-01
9.980065025810693768e-01
9.981385301681843236e-01
9.776231380549250671e-01
9.986421627012810331e-01
9.996843682222712468e-01
2.191948852147294069e-01
3.447381789627521152e-03
8.262083558986601725e-03
6.884621533434867047e-01
9.934938975926316251e-01
9.766292272876049285e-01
9.969529416392183263e-01
9.557324101458952725e-01
9.658972191300555510e-01
8.948586484916558614e-01
9.834298935860281698e-01
9.866905746483877193e-01
9.321096331292066939e-01
9.316935577041094430e-01
9.961768997897444411e-01
9.968162900177335306e-01
9.937705867239895463e-01
9.940630327619455198e-01
9.944966872923572954e-01
9.953820932408981026e-01
8.762800301932399671e-01
8.506663444600224278e-01
7.108305210530853069e-01
7.999883135576693061e-01
9.405250253558025131e-01
9.931087365282041945e-01
9.733692111337074460e-01
9.862020885305626816e-01
9.519683809195546020e-01
9.942232968798868642e-01
9.993732062925123616e-01
9.849834217628105071e-01
9.475899269714486151e-01
9.779607535911153393e-01
9.978719289307734774e-01
8.559822793944481534e-01
9.718342742829259029e-01
9.875759415549595355e-01
9.754477089391605515e-01
9.666755982339811926e-01
9.014959969807295748e-01
9.768315022693004890e-01
9.360969265768359637e-01
9.902251384050941851e-01
8.880276695502593576e-01
8.991484812325514220e-01
1.562539040540419644e-01
7.560354805142415202e-01
9.872505728738741881e-01
8.063972633352112229e-01
2.206074244157757436e-01
9.544889506711611016e-03
9.718161624147335642e-01
9.947873935283509939e-01
9.868209204999328632e-01
9.770675303714331239e-01
9.220176342579549100e-01
9.781701444225032738e-01
9.353713533078013009e-01
9.190338397416070171e-01
9.093995826251267678e-01
9.823854677706724825e-01
9.542636318460294698e-01
7.099924436830551411e-01
8.601592005959207698e-01
7.889861726066516034e-01
3.322556226179048666e-01
9.980416536096595737e-01
9.903100778953434213e-01
9.764733807121598330e-01
9.295844590911579441e-01
9.961414816965404873e-01
9.965268192287995985e-01
4.984720169606036699e-01
9.554756209901474895e-01
9.746041580238823387e-01
8.622304591474559965e-01
9.511342086252808636e-01
5.661578451621911423e-01
9.533844056142241064e-01
9.876059252649147524e-01
9.935457759569453762e-01
9.747590851575442805e-01
9.694145238293794264e-01
9.714728298669224049e-01
9.759422957681257449e-01
9.979549850426414626e-01
9.514693013631617680e-01
9.883361213271464329e-01
9.975818730959034042e-01
9.884325931307197388e-01
9.646987533348618804e-01
9.974071612731009173e-01
9.985323487086432692e-01
9.990665434324933480e-01
9.993237933327072664e-01
9.981481335231922047e-01
9.950120752949072056e-01
9.596164967176598060e-01
9.920630969040342695e-01
9.701996823459552166e-01
9.790959695685342856e-01
9.938047036806616497e-01
9.932047358972294626e-01
9.866735784074261995e-01
9.987096547405746039e-01
2.836166734139448642e-01
2.865599132738134158e-01
7.326374745088446439e-01
9.991809044050187216e-01
9.913737626681642379e-01
9.678669099222901862e-01
9.615304220594418361e-01
8.180157079519233543e-01
9.620699328873861811e-01
9.790670905450364891e-01
9.395291045981963851e-01
9.688122779362413617e-01
9.540443353413284866e-01
9.517991142709620878e-01
9.988687990748418288e-01
8.991786337763917336e-01
9.959812510090009230e-01
9.037851551245262849e-01
9.781459686482733007e-01
9.879464719523447513e-01
9.384762570426538053e-01
9.574271705880070815e-01
9.840890448916901345e-01
9.795616527530704998e-01
9.926771389813171531e-01
9.931819355316204856e-01
9.736372911881888692e-01
9.826765417250560297e-01
9.565073118640879946e-01
9.841187013119359062e-01
9.588125307114042650e-01
9.539498270043071937e-01
9.703832498104841831e-01
9.873380459228788819e-01
9.908446459283983820e-01
9.979356330499973282e-01
9.958041423449955909e-01
9.910195069213548758e-01
9.947890230994608229e-01
9.583936750247373793e-01
7.814119337633523843e-01
9.899522138088663326e-01
9.849286536704440209e-01
9.447914371395109701e-01
9.594195940202413508e-01
9.801927919023259994e-01
8.533363221964334056e-01
9.710079158155965340e-01
9.670768286366275834e-01
9.869580165035908292e-01
3.695616326217389669e-01
5.601475487785259055e-01
9.408002686552944249e-01
5.111728368371888376e-01
9.968457186184384033e-01
8.684842574882414290e-01
9.694081312011627594e-01
9.421271371038171250e-01
2.796383965510894631e-01
1.279831188459333025e-01
8.939995447319893929e-01
8.996642697909673636e-01
3.533940566894502866e-01
8.475041677700487774e-01
5.419461904072867542e-01
9.086151075424990786e-01
8.418352362145006262e-01
1.520404644785433856e-01
9.571964336073369717e-01
9.386507372234597080e-01
9.509648961053629446e-01
9.685076617652462749e-01
1.654320069210679367e-01
9.814121700243031432e-01
5.142865592375372996e-01
8.737866056700767103e-01
5.074493604791369128e-01
6.073172636981442052e-01
5.091057643102864239e-01
7.189373325933733350e-01
2.911125670097010620e-01
6.287905945817432452e-01
9.630224694569770039e-01
9.058142143657723633e-01
9.614619941230742040e-01
9.913375494983474034e-01
2.106765330634791933e-01
4.083647301850972661e-02
8.680008725207140063e-01
9.946786025484195548e-01
9.978263280613804964e-01
9.854762605496353300e-01
9.921758283708446147e-01
9.966750970080766603e-01
5.307300157452253808e-01
9.937051070236124772e-01
9.439264981369887009e-01
9.589736494695525471e-01
9.928421202538699752e-01
9.255220185561288115e-01
9.381305840729308176e-01
9.458210968176381517e-01
9.611547104672831798e-01
9.759606286854493051e-01
8.865063633846028690e-01
9.757525878870992875e-01
9.833169758597740673e-01
9.355984127524682448e-01
9.902219795892955867e-01
9.793856268043110713e-01
9.992010133743932654e-01
9.880995596810032700e-01
9.428411992998795288e-01
9.355271473096279378e-01
9.803933504625805817e-01
9.972939176859172417e-01
8.994479153249391734e-01
2.440669105368261371e-01
9.880790874921190348e-01
9.957017593743616724e-01
7.039408616753572989e-02
9.041950602002186976e-02
1.443666361874833826e-01
9.638489747801534113e-01
9.668720675985920110e-01
9.769153967795856097e-01
9.855232292531896920e-01
9.975080379419780652e-01
9.848438832423709322e-01
9.938960740852246234e-01
9.968110694519062287e-01
9.923750856183188862e-01
9.748593771527654939e-01
9.541496636823134647e-01
9.972977767356655532e-01
9.897188676845594113e-01
8.547314490325265135e-01
9.779513997622529820e-01
9.658397394982546347e-01
9.387926608421353070e-01
9.823021362558823633e-01
9.648877576360355146e-01
9.865630554370284910e-01
9.977065629539995095e-01
9.602642522600899344e-01
9.700410360111624275e-01
9.632434782791030603e-01
5.087259774909871357e-01
9.952423525683757877e-01
9.810490971143018823e-01
9.758921932631948737e-01
9.789649573331855592e-01
9.835160964275407869e-01
9.901832491845019568e-01
9.951021588664734630e-01
9.868950114807633067e-01
9.883417431237533357e-01
9.940829493589327104e-01
9.834361018464069515e-01
9.924927802501968266e-01
9.652089119215485624e-01
9.920441552990338918e-01
8.891774076639068491e-01
1.513134463147012276e-01
8.900019354215271683e-01
9.917592827758634488e-01
9.479369019567427390e-01
9.616577242956811933e-01
9.982246984975554627e-01
9.984155441465790704e-01
9.917825996421913981e-01
9.515310781823245190e-01
9.839533315033384131e-01
9.674608884840123491e-01
9.930488947826106028e-01
9.987879698750226076e-01
9.585144475164866229e-01
9.974614300898688724e-01
9.889645646612498231e-01
9.978808366551965570e-01
9.930675138217083253e-01
9.652614672010086938e-01
9.023325067384716514e-01
9.810400211140420934e-01
9.617425917360643561e-01
9.508989147393893671e-01
9.410052915289858211e-01
9.596939371218659032e-01
9.871853056789247072e-01
9.839380258759372611e-01
9.441939510933541335e-01
9.935377617814038498e-01
9.640067777456814424e-01
9.155196006715434764e-01
9.462310267880446046e-01
9.786315650947498002e-01
8.603673850468303019e-01
9.864444064319037864e-01
9.623068906568614800e-01
9.721294272436727946e-01
9.643077937309747494e-01
9.593479493992386198e-01
6.829967054997421183e-01
9.821963051066815442e-01
9.361560168990277209e-01
9.416488933303989173e-01
9.778707231448201531e-01
9.849312949747351942e-01
9.514905636384782817e-01
7.323284575455434320e-01
9.955526422422823485e-01
9.782527550209213496e-01
9.420737099224367750e-01
9.738606745128924880e-01
9.103660101942890881e-01
1.832352627770988951e-01
8.213222622689982932e-01
9.267682182470537988e-01
9.381852382571324034e-01
9.679045470102128901e-01
9.837116090661918166e-01
8.797554670110052655e-01
7.654318690123752544e-01
9.721287697229556990e-01
9.752228084128437002e-01
8.957654008225338638e-01
7.024908123400068760e-01
1.851548153443714761e-02
3.191477100089617491e-01
9.713502757268500654e-01
9.746087263711786797e-01
9.706638216222595039e-01
9.495072970404190293e-01
9.644166894210677299e-01
9.779397324270168168e-01
7.632762871868145060e-01
9.745471181371357927e-01
9.457377204516573821e-01
9.841692578843711514e-01
9.540597389447417198e-01
9.719362284651816841e-01
9.502297117235150026e-01
9.386151287910035057e-01
9.798142622027588011e-01
9.784214981615265705e-01
9.952262424715052624e-01
9.619832693587707650e-01
9.846082966780763668e-01
9.868850427425802652e-01
9.463093434369249657e-01
9.812943603784414215e-01
9.770114280972869159e-01
9.816072859683880880e-01
9.671030781399567733e-01
9.589023528780941108e-01
8.606126618301525033e-01
5.544687898280888927e-01
5.952678222300287203e-01
7.529520960735988089e-01
7.671566334353944194e-01
3.990233267184292165e-01
1.466675328399897303e-02
6.015819840764925069e-03
1.708737980528046707e-01
1.687085473382825274e-01
3.274780176041439672e-01
6.118416972709563029e-02
5.350127532855053492e-01
4.584467415602642149e-01
6.030353700302938380e-01
2.732437091744376323e-01
5.702816912611651488e-03
4.100304055151065066e-03
1.869803316544865063e-02
1.746194189579820255e-01
1.486593590107361876e-02
4.898374096190392241e-02
2.687520776009358903e-01
7.689055332377071617e-01
1.510554934929260740e-01
8.675035642462419760e-02
3.418183515615098172e-02
5.954334576561456926e-02
3.353777751890923281e-02
2.466751673536005107e-02
1.997278728592330743e-01
1.098759630897932354e-02
1.486066192305552647e-01
7.032821536609477897e-02
1.726224609707698310e-01
7.280104446433637022e-02
2.303686229099405694e-02
3.877230499999051450e-01
8.329537364861805404e-02
2.162004390405855916e-02
6.716949610049839647e-02
1.520793373979759111e-01
2.996902290648749689e-01
9.273587049728163056e-02
1.625166035135060597e-02
4.999277925404294748e-02
9.676426704977156290e-02
2.938791354053053861e-03
8.646266144055987368e-01
4.733236286068125825e-02
4.325681578838129759e-01
6.658944306372185928e-02
2.833646754329154915e-01
1.538620817096078217e-02
3.238949742929047027e-01
2.275919646396724547e-02
2.953986029908145863e-02
2.594791585515929949e-02
8.164776659698289585e-01
9.354153680712870012e-01
2.411789887978092739e-02
1.053980386546753550e-01
6.603157118180708052e-02
1.934114910576264501e-01
2.122281094939036106e-01
9.521615730418960810e-01
8.769701206275202221e-01
2.659186227520199952e-01
5.969966681255277630e-01
9.078897204502503482e-02
5.000399832194323269e-01
5.139986603313244362e-02
1.232025019623175094e-01
9.457139016428900424e-01
8.691766705233445744e-01
1.704948058765275998e-01
1.705587885443931445e-02
1.996855988702576357e-01
1.659542455795637306e-01
7.833933998622520656e-02
1.252435820586918040e-02
3.586889448410003622e-02
4.910317892561811767e-03
7.500879934065896038e-02
1.850012755756449880e-03
8.736202730325975940e-02
2.479324325538849981e-03
5.811541251551754356e-02
1.249232652109613650e-01
7.033340129623762149e-03
4.924581112129503696e-02
1.389513171391728447e-02
3.607989269710681346e-01
4.946136384844716793e-02
3.829127853730361457e-03
3.363639282657794882e-01
2.514534977551034084e-02
5.102374803180541318e-02
1.052790178615167077e-01
4.336550799705518600e-02
4.524991176347323285e-02
9.948694034141530862e-03
1.180574079380710961e-01
4.529229413160163475e-01
3.518878058194799957e-02
1.132715808913063553e-02
1.083131345446967375e-01
5.438912156189455727e-02
1.221036430546358631e-02
8.251168267807648116e-01
6.086984667678584093e-02
3.980340044627538876e-01
5.630075060004804954e-02
3.690595996869289186e-01
1.533263568476262925e-02
3.658493360694525243e-01
2.926793639272805628e-02
1.010503864207979718e-01
2.925911387510885531e-01
3.830590177844517968e-02
1.774698873841145524e-02
8.230026197633821816e-02
1.098488273561706030e-01
3.602485321723763317e-02
1.168616281324978967e-01
9.620324073945850721e-03
9.720005142182689545e-03
1.434148259684044080e-01
3.039164542618742922e-03
1.859308171677198640e-02
6.953174042976995040e-02
4.454454201307094241e-01
1.418301742218033845e-02
9.617345885524244964e-02
7.920819274513230673e-03
7.581904736043310056e-01
5.622352571694873014e-01
9.561945692365093896e-02
1.105087308776310853e-02
2.547454481161404334e-03
9.212212500765157297e-02
7.663583917195708750e-01
1.170344501579002189e-02
2.250592926227898971e-01
5.097588488836504172e-01
5.961979474600604539e-03
4.430571859578335409e-02
1.544446104228945904e-01
8.091419061881250929e-01
1.121206332217880991e-01
8.585184038702954601e-02
1.428203893486798548e-01
8.488724703018869777e-02
9.908268629722198906e-01
1.701406941848969748e-02
1.793360127615122035e-02
1.284559670428886691e-01
6.187950390141398575e-03
2.605330769989538595e-02
3.160234894955669949e-02
1.388499653485115483e-02
5.640730463600083233e-01
7.206669636592458184e-02
5.400915159099340529e-03
4.592241196861786799e-03
8.700770189532947008e-02
1.905478099948863802e-02
1.035942404235722647e-01
3.898585594831570356e-02
2.353334710863453499e-02
3.204288256535007401e-02
4.688498392819130667e-02
1.469512042286926501e-01
6.159571566927464145e-03
1.607181239179234986e-02
9.400325976011220108e-02
7.655881558247669416e-02
1.299183434912865899e-03
3.311146011733659411e-01
6.196933739518457884e-02
2.114637464707592659e-02
2.588974700001857587e-01
2.043730384945468270e-01
1.743933499281680455e-01
1.037772483778462984e-01
3.921457465945060727e-01
3.046724606714507622e-01
3.246880315847012338e-02
1.669101483693811450e-01
7.473143473599982815e-03
3.248459730694978620e-01
8.335485437790057794e-02
3.954986878866434408e-02
4.363423174767978169e-02
3.101655092639769018e-01
6.317937194854855720e-01
1.998185447554627348e-01
5.709513000234270330e-02
7.464979766684619322e-02
1.341935014497642499e-02
6.385724271521556195e-02
8.945610875309402410e-02
1.284042232439266268e-02
2.497568633060727027e-03
3.041024591327126103e-01
1.077502571864009245e-01
1.942545624689897762e-02
8.583549886034815835e-01
1.394172919517856594e-02
5.912621048905528642e-01
3.366848433431893651e-03
2.719068656395685554e-02
1.724186891536670305e-02
3.695458219454674648e-02
5.408861818239330682e-02
5.428129893768932762e-02
1.264513781542810356e-01
6.210243400316297624e-01
8.019320786763492817e-03
1.610998544360995113e-02
3.516966318681342962e-02
7.335367169848144853e-02
1.307964052481826178e-02
1.445583564398242142e-02
1.743103051613767163e-01
3.077511476941551145e-03
2.750763764422907431e-02
2.373566927258970529e-04
1.500073095730097839e-02
4.340255308459839978e-01
1.923833801671805555e-03
1.129437358422382548e-01
9.492593353388999455e-01
1.579084232181028613e-01
3.816845516574982142e-03
1.505390240236446631e-01
5.891693210421030669e-01
4.560926829244369984e-01
9.590047942075125009e-02
2.321147152178595213e-02
3.625679539144473218e-02
8.260508449827267188e-03
7.406988277375185781e-02
6.293641073469173897e-01
2.343623448798077824e-01
2.401995705010073756e-01
9.630774293843738509e-02
3.151735887625010252e-02
7.838773386481123762e-01
4.581193894144666712e-02
2.829516653195615072e-01
6.160545690478864689e-01
3.576236449612119062e-02
1.212228444190540377e-01
8.261766266448042351e-02
1.023527913535007307e-02
1.478638177819052366e-02
4.899061538470239063e-01
1.716253523745161491e-01
1.397867131030840031e-02
5.560244429431443307e-03
1.294121303130224727e-02
5.944215151172433931e-01
3.621909228023973554e-02
1.401011111698720890e-01
2.798774940976030412e-01
9.030831139057068913e-02
9.555709423902008018e-03
9.432365013288437905e-03
2.161737615639079332e-02
3.858923727345191668e-03
4.511731830474995791e-02
5.933589268463395489e-02
2.914430563263067930e-02
5.523167854555098844e-01
7.180609091177166635e-03
1.009861980784582461e-02
9.754456682687525637e-01
1.715238427303629768e-03
3.159209483002527463e-01
1.202496504252480863e-02
6.591367913918233512e-02
3.993481021620648441e-02
1.695621469921503033e-02
2.251450243979606809e-03
5.037120509185308986e-02
5.375523810015882947e-02
1.073543795918030681e-02
1.567779344716540429e-02
1.800716966825844159e-03
9.734498284266240864e-02
1.180711746710447728e-02
3.662695890336962329e-02
2.518807500784811179e-02
2.647314121374331752e-01
3.050241543813295153e-02
9.332843253637262970e-02
5.110800306104699292e-02
3.411374791933574624e-01
7.343512807336209126e-03
4.031350218001673175e-02
6.562788035571891498e-01
2.479695975772749916e-02
6.398542189436330629e-02
1.858289168942977437e-02
3.185207900425248151e-01
2.599496474919617273e-02
6.671927088148395246e-02
4.057607855909425854e-01
6.535159346848652684e-03
9.420372899403194056e-03
4.162563912612224359e-02
2.455793736468834809e-01
2.362590319923203730e-03
1.517226144942339025e-02
9.498218553273353182e-01
9.923695114059489022e-03
4.070847889429137813e-03
2.060403794879948208e-02
2.070173476199430040e-01
5.913484928241645976e-03
1.874193402335745358e-03
2.266792999772348008e-02
1.131936481159926886e-02
1.018122940220588142e-02
6.463476829431878679e-02
7.957346961801849139e-02
3.234382873397784273e-03
1.938820376985996019e-02
1.054045007148336766e-01
2.573913053506603384e-03
1.610276760231480267e-02
9.172172486165792726e-01
3.594096749592855938e-02
1.234938190331690520e-02
4.704581309719414045e-02
2.975228233612918147e-02
3.635067918182201957e-02
6.542806229848078040e-03
1.151557407842044960e-02
3.921002760717700458e-02
4.300666833995671068e-01
4.903772393378572625e-01
5.234771938191424764e-03
2.943999806095948593e-02
1.658641136921219228e-01
7.705316735213040280e-01
2.701166003671144969e-02
2.379187087184419375e-02
3.845784074731923869e-03
2.952452489981310241e-02
2.247489818664626104e-02
1.220108270242156734e-01
1.537617540113356968e-02
3.711225263291441645e-01
2.326746851324438745e-02
1.520851960252422863e-01
1.167560758732773436e-02
4.884975005232002065e-02
1.449797370128892149e-01
1.170949979750886688e-01
1.149178602697447336e-02
4.449097824482887292e-02
1.816602821262440215e-01
1.263674678857783749e-02
2.003516379877488124e-02
3.088954386901408833e-02
1.635450462658691664e-02
2.844843970903618898e-03
5.451698919709901947e-01
2.984788855042576072e-01
4.163894319907284619e-02
3.068739626756015748e-01
1.947647364046943205e-02
2.274429135759760065e-02
3.674370705440656304e-02
4.461088451009172229e-02
1.276075798223527957e-01
8.499826685377299684e-01
1.340946356950629414e-01
3.839588912739201609e-02
5.439359986573602534e-02
4.249019333201793126e-03
4.630937854701136502e-01
7.293484975389191716e-01
2.079686671493386485e-01
2.590991080977982086e-02
7.098845721045815571e-02
5.786516889222013960e-03
3.056566621141721188e-02
2.536207376060272134e-01
6.239033314965950622e-02
8.430037524634122204e-03
2.995322200553431850e-03
7.349718925202873565e-02
6.755871897839826890e-01
4.142952064122054114e-03
8.711036199790919143e-01
3.011297610363712907e-01
7.181774343824307710e-03
9.151777885902158405e-02
3.394991716459765801e-02
2.138967450705025752e-01
4.412863358709553929e-02
2.692379396389929513e-02
1.963490470600406657e-01
6.810117236720404366e-01
2.944562281637082973e-02
3.710512168521334364e-01
7.553192839659991775e-02
8.720465318568809687e-02
7.281098308512679029e-02
7.269953013623971227e-02
9.806456746347912146e-02
1.207119075772830272e-02
4.634006060699018270e-02
1.186334943303122245e-02
4.744049815979103912e-03
1.212974735477536856e-02
6.697515127745288545e-03
7.747362075837797013e-01
4.191702963138347476e-02
2.315254814704413855e-01
1.399315614926650853e-01
5.838208143650673587e-02
3.995896336343171713e-03
6.298905163346724123e-01
8.850224374680989992e-02
2.106817742801779178e-02
1.991255304193071118e-01
4.302819878954937394e-02
2.680959187126828909e-03
2.927570789845574534e-02
9.356134715502942845e-01
1.258486447300386467e-02
1.895617163833780358e-02
2.452046099536358548e-01
2.454593323688305725e-02
2.591629205112071926e-02
7.140684639641525777e-01
1.222152360631894620e-02
2.667304433168646988e-02
4.449182353087470271e-04
1.586178035412227558e-02
1.238535190518149504e-02
5.078996998042033251e-02
8.206976852076673656e-02
1.252382995172960922e-01
5.936461525232233916e-02
8.712171401519781810e-02
2.793991384259056354e-01
1.977476575820456273e-01
4.153830083740183560e-02
2.425368085544481883e-03
9.282866176251247659e-01
4.765984289044076366e-02
1.815594095940285119e-02
6.347447265482027978e-01
2.817186201238006116e-01
4.978395296854215557e-01
7.973451723054941764e-03
5.439133208144109055e-02
5.175142097333487179e-01
7.755672672918956234e-02
9.468094256101147188e-01
8.896440427858035016e-02
1.544958626088257375e-02
1.578482012829086623e-01
1.628022581904052524e-02
2.338544302268745767e-01
8.146728314117220870e-01
3.395328241379271667e-02
9.791854432801768704e-01
6.495572526135311338e-03
1.832016774729986267e-02
6.127385471331051048e-02
1.379548953979626170e-03
2.099565052518928554e-02
7.450954388384917193e-03
1.122588133842741670e-01
6.753857568334043285e-03
5.402889762573260396e-02
2.820482684191285422e-02
8.667069601659950495e-03
4.164450291966099726e-01
1.047904209718763385e-02
2.826558803835650668e-02
6.242182989430409418e-02
3.695811836761418723e-02
2.333383360609040669e-01
3.581026239220672647e-01
8.611358232475697927e-02
4.405755453037553671e-01
2.767009766380061804e-03
2.684578749140516252e-02
8.657302448327141436e-03
1.416909601092537219e-01
7.313840851645207752e-02
9.061016994851561757e-01
3.115990788750899135e-03
1.594118593748498555e-02
2.210744307694367458e-02
1.864939997376478809e-02
1.007458566975726402e-02
4.768648984874560015e-02
9.714941974637845978e-02
2.603264646473471000e-01
1.558749790700563465e-01
1.918169955902898627e-01
5.959614264311181159e-02
5.037792585805135337e-01
1.693040440356122917e-02
6.008631960392408766e-01
9.411580009314701040e-03
3.274275323892850836e-02
1.515732951446136173e-03
3.833969279905834193e-02
1.782128641268652669e-01
1.025855917592035337e-02
3.350303382408145736e-03
2.235013499610490617e-01
1.692324496560161373e-01
9.702012943533674383e-01
2.225620404797456695e-02
1.923518759454446725e-01
8.126626704426539310e-03
2.670724053334417800e-02
2.287525610041453092e-02
2.253037139757945728e-01
7.568696825854762805e-03
9.276990657580454214e-03
2.466009815414533027e-02
1.263366578335528290e-01
1.583240326219588837e-02
6.814029706546210520e-03
1.032348253245716010e-02
9.722883552710320787e-02
5.574537325120206867e-03
4.810175674562046089e-01
2.013569060960939683e-01
2.225596020506408201e-02
2.345007522751146878e-02
1.577240528525159502e-01
9.658632806103818469e-01
9.756273165221904936e-03
8.790741275724742176e-02
1.398766601956101877e-02
3.635559204632547725e-02
2.051934422844500783e-01
4.101314923451980510e-02
7.420573847317289695e-02
2.744447692708234729e-02
2.247349042133046232e-02
7.414895833948659601e-03
4.054784527944690353e-01
1.866302442236504925e-04
7.079135052858935573e-02
7.302229879320711221e-03
4.667934437254246671e-02
3.736489045362742512e-02
6.638066730184913333e-02
5.870130557712121590e-03
2.416425667494971341e-01
1.276069966585017222e-02
1.573357521659970726e-01
1.598750385117135298e-01
1.836765185958886279e-03
1.670928519198208728e-02
4.020957028150975443e-01
3.037886069568350167e-01
7.690720713317662771e-02
3.781270793678331160e-02
5.381394518056207416e-02
2.813671964080755594e-01
9.743450745334056862e-01
4.742246532915763563e-02
4.146420815525724002e-02
3.555654965018671954e-01
1.447606918949276011e-01
2.238186666138566525e-02
7.461519069800371939e-01
1.618973530146160938e-02
2.443807353606867461e-01
3.568448538578987417e-02
2.865563819741556110e-03
9.570032541147966976e-01
9.293596756963901084e-02
4.347514934056208487e-03
1.231042890812620999e-01
7.881412142926728093e-01
7.519286539213659859e-02
3.554443764740031902e-02
1.213422178551495229e-02
1.403039955867736548e-02
2.320142137190205900e-01
4.190308374680396658e-02
9.259086875510819103e-02
1.426497918426170193e-02
1.323230359038440052e-01
4.913443939062814986e-02
1.636523655599849136e-01
3.749544680063307545e-02
4.543937156332690519e-02
3.906093299248608337e-03
3.945078946083055427e-02
7.951996468571314036e-01
3.817046474008346096e-02
8.813732058085447379e-03
7.435859258232575819e-02
1.214642704381300037e-01
8.680759168779074181e-04
4.171902209962534414e-02
1.038117713391206454e-01
2.162993219559648100e-02
2.204444715669741633e-03
1.240574677847288421e-01
3.284685123682997143e-01
5.316194182628704995e-02
1.210545968316817239e-01
1.828629927314786435e-02
8.756081771580414008e-01
1.905328983590505731e-01
9.996885422728246998e-03
8.095883860467899540e-01
1.245403158207436106e-01
1.110347891804279626e-02
1.919416232668217648e-01
6.131823970584602927e-03
6.694646824487374484e-03
8.724406541118097380e-02
4.751621158835794834e-02
3.748887231673015547e-02
9.834118625856409779e-02
6.734604142176379982e-02
2.850330978316770354e-03
7.186190754604326880e-02
3.249191498125085509e-02
9.235313791104239611e-02
3.033845062375600810e-02
1.113292878414619963e-02
8.187560558232744867e-01
3.401990266376230254e-01
2.772554243724162926e-01
3.755047908160623338e-02
3.463861830391214980e-01
3.207660278401921472e-01
2.890230059148582008e-03
8.471097009373670939e-02
1.712395011523175012e-02
5.070697489995208002e-02
6.698652267177055419e-01
7.081125866506865138e-03
2.058851308531720048e-02
8.437092531948430230e-01
1.193828709136108140e-01
1.157929388670235482e-02
6.252416097357654801e-01
5.416487934758086598e-02
3.039309240160913746e-03
7.224901819946470682e-02
4.404295469497183091e-01
7.952547280574826516e-01
9.786625108226231981e-03
7.417856788875139273e-02
7.676022192497623103e-03
4.799824615081964008e-01
1.426029913396485542e-02
1.704407161430633033e-01
5.871603603297922969e-02
5.065796048086192854e-02
2.628413034199815479e-02
2.102546848332182416e-01
5.136712490133377162e-02
3.428386537625581487e-02
1.369034032693226544e-01
1.165681077046324815e-01
4.117328705500346991e-02
1.779371572900455001e-01
8.144996390087566596e-02
3.471546894213967029e-03
1.185435660863252624e-02
4.092718640211850945e-02
4.525244892000852143e-02
1.570682942065481369e-01
1.866638213662004039e-02
6.764701642690911475e-03
3.480036357477055142e-02
9.784580697681385386e-01
6.166412201912409297e-02
1.257589019062413252e-03
9.760403594436158903e-01
5.495701560678066012e-03
3.942281930968513648e-02
1.566172476676758532e-02
5.891775476278023060e-02
2.047360469437136954e-01
8.359408712853451107e-01
7.839016622497132700e-03
1.792532592546529358e-02
6.705660929225182310e-02
8.683226034717952957e-02
1.611108709969470698e-01
2.639357731872451693e-03
6.056264989241476604e-01
9.617827180531509645e-01
8.800186875146293053e-02
5.993138263167204632e-02
2.286447947471505759e-01
5.513857337041737638e-01
4.122749504857363043e-04
1.574366825487694480e-02
1.269389718642976450e-01
9.297892822715085603e-02
2.673247700267513544e-02
9.937427190335099136e-02
7.131772569592908194e-03
4.553101995171659339e-02
3.992616055348446186e-02
2.474285566291003352e-02
2.610850452532301746e-01
2.129964622848885825e-02
2.730731549241719944e-02
1.210731643722913059e-01
3.690731564258720176e-02
1.309508356250840312e-02
4.808983335049300534e-01
1.335548507344628266e-01
1.776304002221781586e-01
3.935625710456880713e-03
2.214681239694335849e-02
3.341863813995175070e-01
1.318716495461704115e-02
3.572241788175503641e-01
3.490027192584512217e-01
5.527479949902787126e-01
3.348782885097963038e-03
1.957043284835481567e-01
2.003305823997729995e-01
7.533670384744901860e-02
1.870926017259380569e-02
1.219428666767743454e-02
3.409278741950825808e-01
1.309706037863064658e-02
1.582102703141369526e-01
4.345837814098143376e-02
4.767669444907275678e-02
2.573884904297534665e-03
2.268649024242656853e-01
1.445005280940359904e-01
2.885423912629244553e-02
1.971657130819729625e-02
4.555428788483393276e-01
1.036584393049454211e-02
6.320494856325228027e-03
2.895015731971333980e-02
9.390768179773776453e-03
5.985341113496089882e-01
5.635579684062144712e-02
1.578662018710658699e-01
3.971203728300050639e-01
6.313545960861123574e-02
1.544656796168429776e-02
1.075000538872882862e-02
1.313533788180188955e-01
2.096356144496590648e-03
2.263462400956886000e-01
5.006658027110293813e-03
6.123981205965602082e-02
7.697050478449840583e-02
9.070213666799800123e-01
8.773803769471064107e-02
4.591762103793703975e-01
1.039271051954203245e-01
2.420815433825459270e-03
4.784983123895452523e-02
1.004790612594169547e-01
1.440083099691177315e-01
1.443024330967836444e-01
1.052769509819242444e-01
5.892666094782035568e-02
1.898095942747124801e-02
5.964752623877663806e-01
3.234278539591101120e-02
2.806078034854389384e-03
6.969121932293795840e-01
7.007572485727640021e-01
4.013268281646794472e-02
5.817805848860940765e-01
3.973492995062704453e-02
3.866573014904899248e-03
1.384920035170220630e-02
1.479344182284500833e-02
8.551682815323227715e-02
2.365073771140995679e-02
1.785809940180737784e-02
8.757536302919664839e-02
1.160391410451641278e-02
2.015516536353009758e-02
7.729671912803510320e-03
1.244808286364232873e-02
9.283569217775669014e-01
6.225860343769384908e-02
1.629864428819837244e-03
8.812615965116682090e-03
2.453072280569893598e-02
7.202591175297043957e-01
2.169416701547826308e-03
6.628335664285316120e-02
4.625176439066754769e-02
9.853491743997998542e-01
1.624053519427887810e-02
3.725287226412641317e-01
3.138867944631325031e-03
1.993861281029265520e-01
1.944395363898731091e-02
7.372844725011018507e-01
1.918298546830856559e-03
6.871863705715688941e-02
1.803161628339378375e-01
3.246229673542661703e-02
5.880807370810485664e-03
4.036136556078534499e-02
7.998277508568787594e-03
3.331412999440906686e-02
1.855905988344495328e-01
9.524433074421787548e-01
9.190205256333197625e-02
1.770092900515859990e-02
1.091129220269615278e-02
2.082378939421635489e-01
8.679170812153455972e-04
1.563058725048766320e-02
1.530120088134891837e-02
1.836232035458960216e-02
6.095928280952925965e-02
7.953424504512747462e-02
1.434657107637009876e-01
7.594899455251707954e-02
7.723028581955798666e-01
6.103546448127176310e-02
2.706704919339687071e-02
7.848970258560231117e-02
2.203848457393621507e-02
2.376474599681752467e-02
5.082317700922642234e-02
1.919885091121523515e-02
2.868184672603528787e-02
2.527260801591168712e-02
2.400646918812463296e-02
6.450394819472979324e-02
2.845226183317439705e-01
4.283631054734867230e-03
4.157005075663856158e-02
5.890283464700750600e-03
2.317512879522014291e-02
5.906829513746636971e-03
6.512593860222303244e-01
1.750318876753401837e-02
8.194916258077137791e-03
1.092043604670479562e-01
2.146022917520102880e-01
2.344836136979178420e-01
1.355612943224060278e-02
3.130561770493438256e-02
2.219792186948250576e-02
1.836818647510609359e-01
4.824776104633000245e-02
2.719539098027543705e-02
2.501196623617160317e-02
1.064684128683100924e-02
1.227708628457511823e-02
2.993699590928325382e-01
2.403681627062195791e-02
4.917392074813992098e-01
4.909544636469579948e-01
6.064132983722383269e-02
3.073138758702219364e-02
1.758205975738168919e-02
4.450976903600374623e-02
8.041384440918938892e-03
7.727219779916559839e-01
3.515432200146751535e-02
2.792459329431851850e-02
3.689164286675243425e-03
1.009030298750088345e-01
3.173152433298259134e-01
4.328255253439564944e-03
1.423079549772589270e-01
9.562619179606194342e-01
1.428959328298064213e-02
3.644647477490164378e-01
8.034316657165427866e-01
5.728752739773875988e-03
1.410317434461332052e-03
1.722628777395444899e-01
2.310246603687921875e-03
1.020482682848172437e-02
3.399396548813685831e-02
5.442877137986197600e-03
1.707902185741594359e-01
6.268880943664469074e-02
1.246401311569143716e-01
7.412999943035696038e-02
1.464136487839930514e-02
3.481365851308083903e-02
2.028565608020068897e-02
5.909886919958059343e-02
2.097612406808000984e-01
5.536268444517429381e-03
1.414096666127500658e-02
2.370905481190888758e-02
4.618499233071819421e-01
2.491778657306659237e-03
2.721547725661326023e-02
4.888385378643478330e-01
1.074176237823421323e-02
6.434688694717302648e-02
2.736724793704013725e-02
9.152875117055746523e-01
3.392095776625681652e-02
6.524380957738232234e-03
3.604642327547274375e-03
1.857959697373009339e-02
2.584012521884867380e-02
7.794520300376112099e-02
1.642047675333972168e-01
2.849950258825599200e-02
5.269982621190019700e-02
2.170094428175659354e-02
9.218553656574193789e-02
1.718178219656399039e-02
1.676886261380153981e-02
4.197960675429547941e-03
3.157277411076942486e-01
2.482010532283121795e-01
5.201423664061340796e-03
3.967235927734873158e-02
2.276108370197676284e-02
2.737759961869011202e-02
4.323956149321980802e-01
1.003279309313271847e-02
2.741389749742171016e-03
5.004387250856894183e-03
1.501532944623903965e-01
8.001134641459840824e-02
9.930868764115121650e-01
2.013138535921557906e-02
2.733228946375000634e-02
2.197000107033928590e-02
6.580721353240016544e-03
3.271519743594979851e-02
2.489622496003869589e-02
8.618030453621251807e-02
3.648522839177148480e-01
3.767441368985696010e-03
3.074489944914932799e-02
1.582511500397162096e-01
9.445873256521782890e-01
2.167378460388953276e-03
2.786245118094601500e-02
3.449764459650461051e-02
4.225598093864112344e-03
1.253914745190664454e-02
6.395031420617763862e-01
2.009489232708474779e-02
2.433677960128804163e-01
1.017346392301728270e-01
1.198752747027990173e-01
7.835147298797823928e-03
2.067654234201305244e-02
3.501240444998068857e-01
3.154285124879313562e-02
1.812508237095940000e-01
8.557550847646687789e-03
7.924058471233182965e-01
7.932333361584398279e-01
7.962733193603066528e-02
8.118060204549696485e-03
4.528880319170743018e-02
9.376611715146904169e-01
6.627554811395035706e-04
1.442627794603419111e-01
8.058173761975605254e-02
5.289104926971894410e-02
3.431493047162375576e-01
2.752923583448447786e-01
8.115366408546668964e-02
5.679043797747553024e-02
1.214287128516433056e-01
5.838728508891891100e-02
9.491434066374555140e-03
3.786177950234656531e-02
4.211604843249343311e-02
5.350847728595317654e-02
9.353198806916500629e-01
7.067138286655086366e-02
1.465312170789630393e-02
1.664489141234251277e-02
1.477514926908953530e-01
9.608300340514036586e-01
