7.855716724849788335e-01
8.958657419915850850e-01
4.685540820265589046e-01
5.168661596386425056e-02
9.710237125752858578e-01
9.687008007877517812e-01
2.279568218364774468e-01
9.683018270114787107e-01
6.653613157640738685e-01
6.552383401154229237e-01
8.898194988854347676e-01
9.107671687684546491e-01
7.942465851884529249e-01
4.570422393574356118e-02
2.497657325103202208e-01
7.495630401364180573e-01
4.595206028003342991e-01
8.555256860754355541e-01
8.290133526753270532e-01
8.073234446127539599e-01
6.776166421264889772e-01
9.862687880687477371e-01
8.163684853305821498e-01
6.277381107101936975e-01
9.757356792325779793e-01
9.805309436720738292e-01
4.603800134773278763e-01
9.257654841478577534e-01
9.515632613742207591e-01
9.280818011295020042e-01
5.576594549774711584e-01
1.489624929811105281e-01
9.889726878783399178e-01
9.693058153203703009e-01
9.639455896708198912e-01
9.862790229613669357e-01
9.761887907569809508e-01
9.913238185243208322e-01
9.318029984423638057e-01
9.786782279525935158e-01
9.711139178169682085e-01
9.895213512286138435e-01
9.481430371049068828e-01
9.919361296898236979e-01
9.876123830123492153e-01
8.372392500040070074e-01
8.232177735606637237e-01
9.770221726299262999e-01
9.963481012438787365e-01
9.634801526673273386e-01
9.758244577027921363e-01
9.492322707138538540e-01
9.830036974944581507e-01
9.971588154767916379e-01
9.892945871986265072e-01
9.481184441287431319e-01
9.908954319584966086e-01
9.893589634093116203e-01
9.987685824908384413e-01
8.281153315586033958e-01
6.627777925755714561e-01
9.967006717708186692e-01
9.797487829853519514e-01
9.958517551269958634e-01
9.965710846397823897e-01
9.957267808422033406e-01
2.120383622425477121e-01
9.617216422021167554e-01
9.894828896827257969e-01
9.793931939337815473e-01
9.936496027308917567e-01
9.290411698602311086e-01
4.991618287673824650e-01
9.713791770572803852e-01
9.562693390664580573e-01
9.788349053101937924e-01
9.180723101921155482e-01
5.634076317342530116e-01
9.485650443201996129e-01
9.488334523654846642e-01
9.736824993898727243e-01
3.081462973062987776e-01
9.399102926000807434e-01
7.122623172566135974e-01
2.348785857634696772e-01
9.804779474310608700e-01
4.288697228803593775e-02
8.448455763623948789e-01
9.901335228085289542e-01
9.737168048160831368e-01
8.450527963583935875e-01
7.711657163145754224e-01
8.884888465927409662e-01
9.689371780428942538e-01
9.482585114606650878e-01
8.653531911173268920e-01
9.895235878897740145e-01
9.885073410737178490e-01
9.448242288984400883e-01
8.975012150990968607e-01
9.788297596099867492e-01
9.351687544210027792e-01
9.277288486276289436e-01
8.589973682222971085e-01
9.742436558551428316e-01
9.749244778346768392e-01
9.344230925614472882e-01
4.953883691999208527e-01
9.849454268444854943e-01
9.978922454179109947e-01
9.913054618316684552e-01
9.839512327521126034e-01
1.669003245248750211e-01
1.248369510040132357e-01
9.232762939282397330e-01
9.757362738610010355e-01
7.785796540007349220e-01
8.177695497985024708e-01
9.903120134392235929e-01
5.601507642834356870e-01
7.034397670140112302e-01
9.742843931199001162e-01
9.903677054800384960e-01
9.526859986425818549e-01
9.119313652951638316e-01
2.185651201480497130e-02
4.539834697652624373e-01
9.630357791393102662e-01
7.440725492820928766e-01
6.821390885979049246e-02
9.706193411908250468e-01
9.760976257769018449e-01
8.781376005549136332e-01
9.670068127456795670e-01
9.550080501904036900e-01
9.652123783095233334e-01
9.659033777007451915e-01
9.460433285516213209e-01
9.638751671332720372e-01
9.696846599295436686e-01
1.401266409939439794e-01
9.681543896364366297e-01
9.449360093524685755e-01
9.659285893815549029e-01
2.945247024585486151e-01
9.517236100589744341e-01
9.542618517032531722e-01
8.925497084829068228e-01
8.466362011627180939e-01
9.729887340585039457e-01
4.014100470310937863e-01
9.848012612450148806e-01
9.507747463118032538e-01
9.267951599712004329e-01
9.838275205688012948e-01
9.611276979849774360e-01
9.822237283082990711e-01
9.267762448284192489e-01
9.929136828682758598e-01
9.794712012231147069e-01
9.735916002160031057e-01
9.783011288395146998e-01
9.998236021639739235e-01
9.997877904371560431e-01
9.658387959976062476e-01
9.603423685271065269e-01
9.968013227422475309e-01
9.718933180684666828e-01
9.342518847510867808e-01
9.686352707311202126e-01
8.917581315305271872e-01
9.970777095145394453e-01
9.277656082595686637e-01
9.697167052796886733e-01
8.749264799219279576e-01
9.693198155588335085e-01
3.592090255739051330e-02
9.223733051979188247e-01
5.189893871196666897e-01
9.216177545084953959e-02
9.556527690759607507e-01
9.963287275411846222e-01
9.806132890826815274e-01
9.522204314354167920e-01
9.221301828362372666e-01
9.696706653685660537e-01
8.809333181441020288e-01
9.822385119482082150e-01
9.266368160446472046e-01
4.489335372341907160e-01
4.595932350302039948e-01
9.272553912191560110e-01
9.348457731790422720e-01
8.978332452634006922e-01
9.083233184771157820e-01
3.903302808930050882e-01
4.827257345386082310e-01
8.751285086152170711e-01
9.855190044682067274e-01
9.548569054870741368e-01
9.447764438459693714e-01
6.038806856898178144e-03
1.235937094099968069e-02
9.920945011430011284e-01
9.437490279842594143e-01
9.684460562203338618e-01
9.429932561180892625e-01
9.699721336276703187e-01
9.933545262433501888e-01
9.907388152036413764e-01
9.545928720981490256e-01
9.732264412669469067e-01
9.891470979075431824e-01
9.965817419139988420e-01
9.155533582243005064e-01
9.374233967879818108e-01
9.748887313408876043e-01
9.967733451502280850e-01
9.867276175003983907e-01
9.862707989694357025e-01
3.296145724192888760e-01
9.788989146343306524e-01
9.353892743889742345e-01
6.124140195076933635e-01
9.837340295054315398e-01
2.918695379610550811e-01
6.547788472645290625e-01
6.462708766183079545e-01
9.874957597852129787e-01
9.888352458456950433e-01
9.948417873834970448e-01
9.904614235742738027e-01
9.920037384637725442e-01
9.749359547333248388e-01
9.581368012216969765e-01
9.820699894815558828e-01
9.931269338406205627e-01
9.977510481723297353e-01
9.991578382615187159e-01
9.425333603431349516e-01
9.655808293740331116e-01
9.746902746303602871e-01
9.257888255710631231e-01
8.037049475394315579e-01
9.211438910216288578e-01
8.293043123609863398e-01
9.224880141420538360e-01
9.408038592479844864e-01
6.668197931021004055e-02
9.635928575351965231e-01
9.908043405894618738e-01
5.830100901423622695e-01
9.168949601495267610e-01
4.917845221978772718e-01
9.575408956244094716e-01
7.030033106661670583e-01
9.007755949101897697e-01
8.598444315784189440e-01
9.832484618145560518e-01
9.486159171268185863e-01
9.078726141067984257e-01
5.845462832226262506e-01
9.649973823973585496e-01
6.606835067516906301e-01
9.985233846612515674e-01
9.884526834867969347e-01
9.901088799571825527e-01
8.205930504216115695e-01
4.208154348581973903e-01
7.873401481551912662e-01
9.986505629874103951e-01
9.334024872440862541e-01
9.925169002210961766e-01
9.924679982999605743e-01
9.747095422776681506e-01
9.538873089362448487e-01
9.638246406527607446e-01
9.636793932451870326e-01
9.911884329825793039e-01
9.922319940353152568e-01
9.887111033748110511e-01
9.012990156068567682e-01
9.841801375976643174e-01
9.965113776874724438e-01
9.860885014460496478e-01
9.738844783226161539e-01
9.656446576852010244e-01
7.711665276431262095e-01
5.333759122138951314e-01
8.891083164784269188e-01
8.060040837622166610e-01
1.001892555484095865e-01
9.019813541637706766e-01
9.912195943828820965e-01
8.888402853207689747e-01
9.585345336276486217e-01
9.822099053707017413e-01
7.226324510541324297e-01
8.161197540337442602e-01
9.516121759674567304e-01
9.885060540603211043e-01
9.530617263227025848e-01
9.902311630758652283e-01
9.915628807513524601e-01
9.512494247633587197e-01
9.725127601829971491e-01
4.889403712404929436e-01
8.725493913476266572e-01
8.496359029817179831e-01
4.672335463235354758e-01
8.836307022107921239e-02
9.362680025470538903e-01
4.131417362189527820e-01
9.821025496818465150e-01
9.931294178787729576e-01
9.338664410303924024e-01
8.781433433082035389e-01
9.618231419218623568e-01
9.844572768491779424e-01
9.861483956242116378e-01
9.543479878594712806e-01
3.862419650065635618e-02
3.511832202841274064e-01
9.935536070109802775e-01
9.449174966117799279e-01
9.891452256186188396e-01
9.214840314399467269e-01
9.512066516953570083e-01
9.083306336974059647e-01
9.572537215318965842e-01
9.110448195293819884e-01
8.996556955706540570e-01
9.373956688126370285e-01
9.969811040076959063e-01
9.970350528483910013e-01
9.975923982337470131e-01
9.965819416809985620e-01
8.757659714844405752e-01
9.893523543980240476e-01
9.544662711494008578e-01
9.892669546304954098e-01
9.891894508979817147e-01
9.886084589591966898e-01
3.086643654099644266e-02
2.740648280131539882e-02
9.447065073167163485e-01
7.790051081287860946e-01
9.739961588856501651e-01
9.730591720869985473e-01
9.611233686620748173e-01
9.935070004220404316e-01
9.963705322049327684e-01
9.922993205577085307e-01
4.596015205212113791e-02
8.441193054312207122e-01
6.253122877158943937e-02
2.542433284003657867e-01
4.997578397823764784e-01
9.503259238553979360e-01
7.048335193995635128e-01
8.878808638473660586e-02
2.866370292553402366e-01
5.835250994052358919e-01
2.812492038948281523e-02
9.647091209830513936e-01
9.953374148117853926e-01
9.910106807824538011e-01
9.359738266607282586e-01
9.525501892009611282e-01
9.657163984866069528e-01
9.932426936057099365e-01
9.865792802072211876e-01
9.582589854529780515e-01
9.867614442171817046e-01
7.370431759612994238e-01
9.853364122376043754e-01
9.907577007564116744e-01
9.531900444814350726e-01
8.997247308186738790e-01
9.685527536832365669e-01
9.935279242491635854e-01
1.181654370826595579e-01
9.771348738728817818e-01
8.744821067995202091e-01
8.456191810124639163e-01
9.900230799474006860e-01
9.796073679561035918e-01
9.896077488484787965e-01
9.911836913444797004e-01
9.976902508412021087e-01
9.779535480724491636e-01
9.143333381255374093e-01
9.954179198204178292e-01
9.705573590524614325e-01
9.933112729894548742e-01
9.651032761166764562e-01
9.953443872677902871e-01
9.927857386449653321e-01
4.993706564008236481e-03
3.840655032519232903e-02
8.459244653162719674e-01
9.782155492800752583e-01
9.955359479424048530e-01
9.371884161295901405e-01
7.482392749470997417e-01
8.371611907455724921e-01
9.838036238047066506e-01
9.372548717637413374e-01
9.743943980140011840e-01
8.994963081792947124e-01
9.322796918378352116e-01
9.277008110167899169e-01
8.159068519338520398e-01
8.327660918893065034e-01
9.504596469900431499e-01
9.859370344193909563e-01
9.972522836263755242e-01
8.546921920722418964e-01
9.341717194185088502e-01
5.854124166932204165e-01
9.787614423742689862e-01
9.769222105178991811e-01
9.764726570680415385e-01
9.830039682305847792e-01
8.398044681704283088e-01
8.484139118088767084e-01
9.701575952973178207e-01
9.962578752775600455e-01
9.905344884407850659e-01
9.859218341463654722e-01
9.918045748449784149e-01
9.684729106007579080e-01
9.237785074139865937e-01
9.505431201844902755e-01
9.828535941958856936e-01
5.588051414826973318e-01
9.380440080408809500e-01
7.365120966030906935e-01
9.395016424436816171e-01
7.281265165587889054e-01
2.581988514809182567e-01
9.675462311160933915e-01
9.727378162902273750e-01
9.829950806385348017e-01
4.973360280944124079e-01
8.410120933516885833e-01
4.323894885325333531e-02
4.231614879927577677e-01
9.951883593043331366e-01
9.795328209389591034e-01
9.904434954579454109e-01
9.942427457255392786e-01
9.691088673098235962e-01
9.388951308528321604e-01
6.391643267957745067e-01
9.955744973979038237e-01
4.071171961810292061e-01
5.960682354057555976e-02
7.365415308584637444e-01
8.382423612443213878e-01
5.344975469312998051e-01
4.791636460813807896e-01
9.452684888956892628e-01
9.794367124186981188e-01
8.425697499924004186e-01
9.829917843180095982e-01
9.876749868444708591e-01
7.836181765175951330e-01
9.355019099850971909e-01
9.535540738993825149e-01
8.556994594033977553e-01
6.548561099898051463e-01
9.888766412105246539e-01
9.669655425340468735e-01
9.777813624881578347e-01
9.929617771537363469e-01
4.437775574695683178e-01
9.570539955639640883e-01
4.053967342320709544e-01
2.852823055237492800e-01
9.706386410266759635e-01
9.735934602549052297e-01
9.942183075636290557e-01
9.735888543396192807e-01
9.836508435016906304e-01
9.948680899889100759e-01
7.688780624794232521e-01
9.526647620106998282e-01
9.785476264950356828e-01
8.521576471686518328e-01
9.597076715466349439e-01
7.616566252912644330e-01
8.745438383484969158e-01
9.648383411292033029e-01
8.260666491345038942e-01
7.299122923040493038e-01
6.895559088031318895e-01
7.027687143038714446e-01
9.915688726788179919e-01
5.027908248536453462e-01
9.673404820240405488e-01
9.418347137642416600e-01
8.295934828563695795e-01
5.879815597640964953e-01
1.228860802726489121e-01
9.409657873608161527e-01
9.513843283129835848e-01
9.212054343322118033e-01
7.211505046966389942e-01
6.284616386059616033e-01
8.821465128138309408e-01
6.001210446560555078e-02
9.447537636396964311e-01
8.692180515720450140e-01
8.311663608218813337e-01
8.878227511666926253e-01
7.909638481783640707e-01
4.200985409025234651e-01
1.594713834484760284e-01
9.323479009049790989e-01
8.371941282372908910e-01
9.209678165364620916e-01
6.674504993679579723e-01
8.693705587520094147e-01
2.674184106533575300e-01
2.239598745005015878e-01
4.505697805124805333e-01
9.796646632772065821e-01
9.348229903977056665e-01
9.826999004410424954e-01
9.932708473376012925e-01
9.625452046360136737e-01
5.574884917542558549e-01
8.599458712059017129e-01
1.078557748796304255e-01
9.781314786873996914e-01
9.588440770928096102e-01
9.865228960016331206e-01
9.846088685440876898e-01
9.931134156783421041e-01
9.844094619613549257e-01
9.565162618377022197e-01
7.968011273618736956e-01
9.510691788805746283e-01
8.287866522714419926e-01
9.733005619445627143e-01
7.918515261156435781e-01
7.709569506317881515e-01
4.842345402672614263e-01
9.541944522249852234e-01
8.804200754843215515e-01
7.269505830268881974e-01
9.952187907014703461e-01
1.250192046058204443e-01
4.278889569102068413e-01
9.848832136042504626e-01
3.815598358790743827e-01
6.119884346397000963e-01
9.878373178595205584e-01
9.616504037588745613e-01
8.492930197897486932e-01
9.950698909454207541e-01
9.881581975861879474e-01
9.564619394343761849e-01
8.749380735933435238e-01
9.851631168282654061e-01
9.877550953520756183e-01
9.486696269890310118e-01
9.045693201105202697e-01
3.214426228740805552e-02
7.983625323075080882e-01
8.879926062439726098e-02
7.869413087922503269e-01
3.548002533953769078e-01
9.352392174023028693e-01
8.750892842865317656e-01
8.307835238557472746e-01
9.763983861296567923e-01
9.799066660742195012e-01
9.856594384925471131e-01
8.524759351793907980e-01
3.210861832754620115e-01
9.362296552749843626e-01
9.863878590433243776e-01
9.680404076373683164e-01
9.296128123937242860e-01
7.025405679151378591e-01
3.850805973767451040e-01
9.883040429817421257e-01
9.831409023307370321e-01
2.574928462366807835e-01
3.285883256370611405e-01
9.813189254330904054e-01
6.966425257790028747e-01
9.555643020576258806e-01
5.090029963257268752e-01
8.900254399351654744e-01
9.449215942100369636e-01
4.844746567593255504e-01
3.387336604174420729e-01
9.803645051901666019e-01
9.948553686689545206e-01
9.674589713082807352e-01
8.315384149625862920e-01
9.620684345622886324e-01
9.835188831825213418e-01
9.958503153302651345e-01
9.876315527304112551e-01
9.744891952647568578e-01
9.272497916718562827e-01
9.944788860365741945e-01
3.557064449174232590e-01
9.845915764673440762e-01
9.809725825242322506e-01
7.036114215879819556e-01
9.814528671259747927e-01
9.912989131968887868e-01
9.936864446633325576e-01
7.995050428926320230e-01
9.390107996306589211e-01
9.902623307631993610e-01
9.872646553607719033e-01
9.945500488070393441e-01
7.458657791267722104e-01
9.702544081374407936e-01
9.881511426170910273e-01
9.900507895636792011e-01
6.269361301221542115e-01
9.885462956316253269e-01
1.797131044933497901e-01
9.121612239892316065e-01
9.724135366003289205e-01
7.562615310041314043e-01
9.410469169344592988e-01
5.145931455404874066e-01
1.369738931085706934e-01
9.967970364404274974e-01
9.795107736975861012e-01
9.727678542018811658e-01
9.819385899813780627e-01
9.902737887645615134e-01
9.959431194808897603e-01
1.580794845269067050e-01
6.953885575377543038e-01
9.551479852993030040e-01
9.795952320797676194e-01
9.956828569616252844e-01
9.906127446886276999e-01
9.446586488289875350e-01
9.773797709762181984e-01
9.906448869619011166e-01
9.834992162512524727e-01
9.484938560314811751e-01
9.532836809964346791e-01
9.934497772649093505e-01
8.356674084710512540e-01
9.755216834459865538e-01
9.420787297195825083e-01
9.502313471244818732e-01
9.793416616569637911e-01
9.410889672240576598e-01
9.578474755817948383e-01
1.068027326873270261e-01
9.671614853794435751e-01
9.714325876873345367e-01
8.112811505393723310e-01
9.864737768134708151e-01
9.758162313321488979e-01
9.696348068331986925e-01
9.789118490462686006e-01
9.774417723418831194e-01
2.404037960643124194e-01
7.649419535784669766e-02
8.890321201363806658e-01
9.565260741410515077e-01
9.954154643582472373e-01
9.950971046816502463e-01
9.854642950165718451e-01
4.984240933464750833e-01
9.721554769201931068e-01
9.919973981012516484e-01
9.682239169801292178e-01
9.797720240997002117e-01
9.894791559650247814e-01
9.865402840857310229e-01
4.687579160460508820e-01
9.868567400872976236e-01
9.922857399043764071e-01
9.975745100131716558e-01
9.306441181505185067e-01
9.721673159226894567e-01
9.883366881942271531e-01
9.279853732496776697e-01
2.223427061496929258e-01
9.871230289869911134e-01
9.908391579423757589e-01
8.716597059401625103e-01
9.927465559846457843e-01
9.810833485398038345e-01
9.896056637785590748e-01
9.815351293758256546e-01
9.934817053152946720e-01
9.902538512593370701e-01
9.916500575067209722e-01
9.817499991405060911e-01
9.953969440341589037e-01
9.947779933324952806e-01
9.906737557810453287e-01
9.879897579402219243e-01
9.766303151647015568e-01
9.777790380051734065e-01
9.882833754682344152e-01
9.867951765938728359e-01
9.874215548173967960e-01
9.797765589661496799e-01
9.378959770802656193e-01
9.941017747688365436e-01
9.818904165274031648e-01
9.608074385173301923e-01
9.878155745009140620e-01
9.885924075777609010e-01
9.164993766459200719e-01
9.959208640525478717e-01
4.617643397638979685e-01
1.217379237424183608e-01
6.891320445669095740e-01
8.649269478158391200e-01
9.585875812935648055e-01
9.875378307960003266e-01
9.149786957617211947e-01
9.879406564248849332e-01
9.764155900023904211e-01
9.424806394551977773e-01
9.914195865810130348e-01
9.919749458661684116e-01
6.840106161359300607e-01
9.036263623362120745e-01
9.533187422534997735e-01
9.744466405000555831e-01
9.821094124625213695e-01
9.659884542215640968e-01
9.740549485285681097e-01
9.106496381966415754e-01
9.292845115628114439e-01
9.889862685069807924e-01
9.791861059246222965e-01
9.953222232307380457e-01
9.876490413836223059e-01
9.998582854640803985e-01
7.846939964997052819e-01
9.839862470419177276e-01
9.773329458504147471e-01
9.901497634217347743e-01
9.937958726016549171e-01
3.061182544315833587e-01
9.866470689182128551e-01
9.518534049117296503e-01
9.824641236539400913e-01
9.154762026968018551e-01
9.899997157245844503e-01
9.672760702195443150e-01
9.286398916268409076e-01
9.907856717392676815e-01
9.911473359708312669e-01
9.881155574804131314e-01
9.559326298007906342e-01
9.822165498749718671e-01
8.096345907961540744e-01
9.360463966229536359e-01
6.664345686728003759e-01
9.891681042804360002e-01
9.871111395495292262e-01
9.950854539161438916e-01
8.610401828497307175e-01
8.783064754603955304e-01
9.274926108322156804e-01
8.914417686845328426e-01
9.463534228709906682e-01
5.468703287303909866e-01
6.954043578036729345e-01
6.406823710020274065e-01
9.620548542047016038e-01
9.097043266297276665e-01
9.711048482939259596e-01
9.513338739354220142e-01
5.293201198258099677e-02
7.948230723098265171e-01
2.544474476877394697e-01
9.973740828446682194e-01
9.753182983260517691e-01
9.842753599689247901e-01
9.586289763262982877e-01
9.902214601251578818e-01
9.173322413574761525e-01
8.153425655799031446e-01
9.892162573882294918e-01
9.610636170931892153e-01
9.780488041102720631e-01
8.971396281990018373e-01
1.239314328715345748e-01
8.296720015398747483e-01
6.151138053769661385e-01
6.142365396347529982e-01
5.516876116240944095e-01
9.976779456038860072e-01
9.952991658690071297e-01
9.913239197727850005e-01
9.972784434496446693e-01
9.971188038196155956e-01
9.322866110990775113e-01
6.926451817237211372e-01
9.339499263926094308e-01
7.599110091073661977e-01
9.759920715578828121e-01
9.644410790745248097e-01
9.534399047618176137e-01
4.992311079081208081e-01
8.924058452545807762e-01
9.735635461674747582e-01
9.861040213697456203e-01
9.987965856052201108e-01
9.980511573737295139e-01
9.974211463691764479e-01
3.893502477034289089e-01
9.147706752025376309e-01
9.360148793472000683e-01
9.926726688178580948e-01
9.218076486207594789e-01
9.874741886627049769e-01
9.573692940702629439e-01
9.541269114779356020e-01
9.896575625304664392e-01
9.634181563308665819e-01
3.011995366266457391e-02
6.621066348618209751e-02
8.412651443858906730e-02
9.875504236857031160e-01
9.179361466905483491e-01
9.567657104698211734e-01
9.847524878593225672e-01
9.945823735709314883e-01
9.711051601300646485e-01
9.949399120208854974e-01
9.113352789419154609e-01
8.165400339929056450e-01
9.658528507400873098e-01
9.582880203900014937e-01
7.185140554164419768e-01
9.686112068768092387e-01
9.972760545143233291e-01
9.880423747253463951e-01
9.463716737642432486e-01
9.178639398868806420e-01
9.901535215120984557e-01
9.945304623825855783e-01
9.968612060011837750e-01
9.827095858852694654e-01
9.415537344555237054e-01
9.881221668604460717e-01
2.580674942020891316e-01
8.351762685085175608e-01
8.845361725459003344e-01
4.555394510820402476e-01
9.810890091611471631e-01
9.947699675802174069e-01
9.896032336004109142e-01
9.021322748403594050e-01
8.857809251739064971e-01
5.158501574973485271e-01
9.330939609616318853e-01
9.534448483729742740e-01
9.611455299594874324e-01
1.141220115392568152e-01
9.907573340335711354e-01
9.791255308529411838e-01
9.867414329543041651e-01
9.883957352637507965e-01
9.963773904709894991e-01
9.819946359231189748e-01
9.868970251491573364e-01
9.580974590459993001e-01
8.689310786104744722e-01
9.091544412883922899e-01
9.169878900554709888e-01
9.899364411516160533e-01
9.895054289824904981e-01
9.904822627830476289e-01
9.151517872873227155e-01
9.778172886191021096e-01
9.404535479685661725e-01
9.666742273584891798e-01
9.757514359706461748e-01
9.340943500837151081e-01
9.870743061945599361e-01
9.571725302160954962e-01
9.857847278051918849e-01
9.124243349868385033e-01
8.800968367779546941e-01
4.838490523801807219e-01
9.401701057875279099e-01
9.669115450463648953e-01
7.896840490294879666e-01
9.408110517815575502e-01
9.848818762168197738e-01
9.940336207639262067e-01
8.602191712482799568e-01
8.653573029511814063e-01
9.601274901305709708e-01
9.892427776593383237e-01
9.706601128326318717e-01
9.792552674774779309e-01
9.755575705193790803e-01
9.544383564468705838e-01
9.584897905819822483e-01
9.579344669430988057e-01
9.411446918980022058e-01
9.843962545017755916e-01
9.524462772131508936e-01
9.462025647049312482e-01
9.742190084765348645e-01
8.489775606893055215e-01
8.963961304505405625e-01
9.355904988632472996e-01
9.263644111355446853e-01
9.616679211043768216e-01
9.936253837221715735e-01
9.862216063065468719e-01
8.313892206475708146e-01
9.916602362230803047e-01
9.513323500311516856e-01
8.880236274684371045e-01
7.603809863467386743e-01
9.715244035588007643e-01
9.758193758493288739e-01
9.769604410395379412e-01
9.885424835337232041e-01
9.357744805314304193e-01
9.880438226519407952e-01
1.189587920081981304e-01
9.493574102947280879e-01
9.411574566207814296e-01
9.276771534844374667e-01
9.542603194850795001e-01
7.917254791723429275e-01
9.521869423980665603e-01
8.650593668781660917e-01
3.820300311096103685e-01
9.668165299150555114e-01
9.090765194732037813e-01
3.552954534212469095e-01
1.509857843726142290e-01
9.258840873486208212e-01
9.613075677851857792e-01
9.783376464253071836e-01
9.145865335443075228e-01
8.977191774240445010e-02
9.937191771475121227e-01
8.546266194111937775e-01
9.793413575250198289e-01
8.316418448805893426e-01
9.724296817094234546e-01
9.918569622522640516e-01
9.628505463361592964e-01
9.895067236072998540e-01
9.619342983631314903e-01
9.961976692302718650e-01
9.964764962849963492e-01
9.972278512584034083e-01
9.717900630064626455e-01
9.179465883251796132e-01
9.676396803406075442e-01
9.621688040792321095e-01
9.603800472260509702e-01
9.584630661762636450e-01
9.854450086863068003e-01
9.798540652111020766e-01
9.837866332960124582e-01
9.786393283496930273e-01
9.830547271041500945e-01
8.958876178638487398e-01
9.263744844441448301e-01
8.285753503026058731e-01
9.694655994146282874e-01
9.440688725919863522e-01
9.244870693459122934e-01
9.145048250127958411e-01
8.270317183799499317e-01
7.408589660837003876e-01
8.512437353834663156e-01
9.602893792614451973e-01
8.145277265490526997e-01
9.669191244636010651e-01
6.687640915138926001e-01
7.989540725045929381e-02
9.164120271832749661e-04
9.191262605651157047e-01
6.313473058489298129e-02
1.443432900181565726e-01
3.192717944536969943e-02
9.248286597099717454e-01
7.559477962693488505e-03
6.518597669627021474e-02
2.055579346480935002e-02
6.163554083255460281e-01
1.296614722107057409e-02
6.354053277811847478e-01
5.517528233815905542e-02
3.279663251429163623e-02
2.589067058020471171e-02
2.151326951096026452e-01
6.039001148426330692e-03
3.521702081809649498e-02
3.589501616477693696e-02
3.773268429563816223e-02
1.608719070300421161e-01
1.800453957600094690e-01
4.961387267572167636e-02
1.017723513140003921e-01
9.634673181311511625e-01
2.105938076309858686e-02
5.482695608674860444e-02
2.461738511479972732e-02
7.178183785429170793e-02
6.134351359670197068e-01
7.552890495947717220e-02
2.966770909895363392e-02
3.417677149150106369e-02
2.821598419090062468e-02
1.226068730141391394e-02
3.021742650790625040e-02
1.003011017089266294e-01
5.218674869385557524e-02
5.728751260221156549e-01
4.045859724050933359e-02
3.798359241621677290e-02
2.311610744012467800e-01
9.282264410273631527e-02
3.323211625160478466e-02
8.261462285945715411e-01
7.627508905299665298e-02
3.877925075256381804e-02
4.089508479864804175e-02
1.781562849818591615e-02
1.731134700561924936e-02
1.363347356783070896e-01
2.773557038277268960e-01
4.970806264657519624e-01
2.793548024744504921e-02
2.870796358135370152e-01
2.198108479975322688e-02
1.798210948112287377e-01
7.921424141876886038e-01
1.707757766990309484e-02
7.865530249963609624e-03
2.391401945249460592e-01
5.856143341590874796e-01
6.038036689337700907e-02
4.971431576882852366e-02
2.127778262716074342e-01
2.616105119894034381e-01
2.025146377676938572e-02
3.121891459413247277e-02
2.779487652044815293e-01
8.292560230645559111e-03
2.034177888783064159e-01
5.580076732441098530e-02
4.396723884718934522e-02
5.277537072014747144e-02
1.250929419832756961e-01
9.646242564168221179e-02
1.671699710606004349e-02
2.964735272340762381e-02
1.309580244568635810e-01
2.129954224588957550e-03
8.248147568736771684e-02
5.727536861571598248e-01
5.977846640360510166e-01
7.662131103120045639e-01
1.488882607386074301e-02
3.810393751721871669e-01
1.173397334485985488e-01
7.150774641784229946e-01
1.281639375341445813e-02
4.392213014096991303e-02
7.974704441915693442e-02
2.090336013194988782e-02
9.190124409185224108e-02
1.650877942080899441e-01
2.078151533688726155e-02
1.475643270624392434e-02
2.107934482207234755e-02
2.954757107961051427e-02
1.072343212769860527e-01
6.580073794087460369e-03
2.259968382041629628e-02
4.988005730451612885e-01
4.922781418539275144e-02
2.566225056145410993e-02
1.009345523116623178e-01
2.024430665389719552e-01
4.863138557298153641e-02
1.688958561874369102e-01
1.180909238619299861e-01
1.363509973611565229e-02
5.419033247545298332e-02
1.634281727065506687e-02
4.471847833075539430e-02
2.801600116713737210e-01
1.130546864122733419e-02
5.308309647622162786e-02
2.624382084392866063e-02
1.987100625214751129e-02
2.805786308154815667e-01
1.131233287306442591e-02
1.510069324114929612e-01
2.856330090945695399e-02
1.660117999196339400e-01
7.160312038681970748e-02
1.155342439688677308e-02
7.573490318581567182e-01
4.177746144785531024e-02
1.772510229025165210e-02
1.351617666491728396e-02
6.398589915777876808e-03
1.979390084536599981e-01
9.208374885667314214e-02
1.518184173465436659e-02
7.944287881658594619e-02
1.030755354209640130e-02
2.729957279161545746e-03
4.799466914258920247e-01
2.741272990876125054e-02
3.819704144371567633e-02
1.139425191234827994e-01
3.676758149305299761e-01
1.695366596931475456e-01
7.702427482371638767e-01
1.743207759135452228e-01
4.979984358676545902e-02
2.530948346626067311e-02
2.154664956910857382e-02
7.238814071102982473e-01
2.589896350713102174e-02
4.599376525119536208e-02
5.092717188105468085e-02
2.553492633985648408e-01
1.525959010597885239e-02
4.168157437302564411e-02
1.135044715335436875e-02
1.740307842275997940e-01
4.453569016361117600e-02
4.441591949410965690e-01
2.432863773380708819e-03
5.147987958053613922e-02
4.613158285180950918e-02
4.294643158386423666e-03
2.168589701439903317e-01
2.023054683789060268e-02
5.094251338114940547e-02
4.702034694818659766e-01
2.707547691176242794e-03
1.054136383878708505e-01
1.518273526562705089e-01
8.138220817853497602e-01
1.711128792712041753e-03
2.463049082746657514e-01
2.308088760232332101e-02
2.486828862443102584e-01
3.255310153933508865e-01
1.564967682620671194e-02
7.257284937821967263e-02
3.058764945590325499e-03
1.732032034331082784e-02
2.515533675930921656e-02
5.731200775502412817e-03
1.502401197986212023e-01
1.437400403541183036e-01
7.486911304209384332e-02
6.492852867366599723e-02
7.979243714976252955e-02
3.647420442559307086e-02
1.246277058476179603e-02
6.609881610449951095e-02
1.945011377324682711e-01
1.651285606062973532e-01
7.644937752784865259e-02
3.040705430611679444e-02
5.737522024941804633e-01
3.935018651666814110e-02
5.214793595672615086e-03
1.259958914236830874e-01
1.873597127155397432e-02
3.255121806848725041e-02
2.610765390546953002e-01
1.908692417182405662e-02
2.135868940505176450e-01
5.696978040189666810e-03
1.386249287994407164e-01
1.547735571403300314e-01
1.909485262287874408e-02
4.250887918617798217e-02
4.887054178225558876e-01
1.111110983902429718e-02
5.373955800193078863e-02
1.913754596083713788e-02
2.629211072186957588e-03
1.487059693950442373e-02
9.078820303091146571e-02
1.567327631070160321e-01
1.842627442413537764e-01
2.438454723321443682e-02
5.753186112254858597e-02
4.077309959588731880e-02
1.866879160982653219e-01
1.779021771595498680e-01
5.244109399907672525e-02
4.864082334597668450e-02
8.057743557275958909e-03
1.824758039925022945e-01
2.450946071785338742e-01
2.202198110919316443e-01
5.970524417347321255e-02
3.474043937816406191e-01
5.574958659556975560e-01
3.750730604262961232e-02
3.315160386711338281e-02
6.976696832555439633e-03
3.711094648665637374e-02
8.078724298834416215e-03
1.398712898652204883e-01
2.754276587564589637e-02
3.874861802597995980e-02
1.796123786337001579e-02
2.838294378692712283e-01
1.134657797274743751e-01
3.026379856316206429e-01
4.152053929349134448e-02
2.432683064616526225e-01
6.636637111728134475e-02
1.911726418274746139e-02
1.274371462436413582e-01
4.147280966372474120e-02
5.666365270894332257e-02
4.595825033739801141e-02
1.761738515895543145e-01
1.133617524719189723e-01
1.357796447005873708e-01
2.296445413189766513e-02
2.925412817555048464e-02
1.972872318990540885e-01
7.971691488291238539e-03
1.204303993911234535e-02
1.313900829146219806e-01
8.243713491155441053e-02
1.513942814238146140e-01
1.502370568878340640e-01
1.476110992292742896e-01
1.124068885218096614e-01
9.745434084547396902e-02
4.561426046469554962e-02
5.231080030540298520e-02
1.779838279220460895e-02
4.423905886548509803e-02
4.907870834321500716e-03
4.562292341914112731e-02
2.263963100952998131e-02
1.561491560517891675e-01
9.522878490655681261e-02
1.561085265581036996e-01
5.953383055036274435e-02
3.115444563923718269e-01
4.625845137273037512e-03
1.416374119973517476e-01
8.400314957211907352e-02
1.030989977110334001e-02
3.216613994452474645e-02
3.382342304504395297e-02
2.044195227768901002e-01
5.917949863888383871e-02
2.585723598681883770e-02
7.365137315161037757e-01
1.711201900820691624e-01
2.450804614006188153e-01
5.755049544319885690e-01
2.996513602254270991e-01
1.743312728564571368e-01
4.500502381185875894e-02
1.574489749361893676e-01
8.727424500166133456e-03
1.290623839524527791e-02
3.015360381196153031e-02
8.929380892092626532e-01
1.279937716523015245e-01
2.781791687268860697e-02
4.692925932803473366e-01
1.277145808640887947e-01
2.593888256588128272e-02
8.726992623736315458e-02
1.789458706875527230e-02
1.283618727893656164e-01
1.168091344179287561e-01
1.497611318900062341e-02
1.913341619885686531e-02
5.477810171029627584e-02
2.991111047487562957e-02
4.261713262915442502e-01
9.281783896607308237e-02
1.838021672894157299e-01
4.020988106397045958e-01
4.699533388208669282e-01
3.879095794438614520e-01
8.090379261431137128e-03
9.695257393900069687e-02
1.781696766613240918e-02
3.295967823928504931e-02
2.441443745070639645e-02
1.777398974579538077e-02
1.750179200422699588e-01
4.830508047707447739e-02
2.869391770801590358e-01
1.696088108474599551e-02
5.960688623885039839e-01
1.114034546266619019e-01
7.986638067930661167e-02
3.014880610724606294e-02
9.215077762150325480e-02
5.023583302667528061e-02
1.139150681868660551e-02
1.546705290324837737e-02
2.568768494203431049e-02
1.991625511808224058e-01
1.095006009892621618e-01
6.070988723446994056e-02
1.150897754268464940e-01
9.099860412703887971e-03
3.354188411449749579e-02
1.284237797200631775e-02
6.238393016641654576e-01
3.717040779536641415e-02
5.696936013870566168e-02
9.577750933452157042e-03
2.223181126799133878e-01
2.552593092166025035e-01
1.446442513886212053e-03
8.927710982511911642e-01
1.389209183548932754e-02
6.127770258091369548e-01
2.272205543992126542e-01
1.651675186043937427e-01
2.350748461259651312e-01
9.493134188949903240e-02
1.892176452119151420e-02
1.094392129850327820e-02
3.791247727274674271e-03
4.035533308039640499e-02
2.734704822067417218e-02
5.814710748053397715e-02
7.255428754465335917e-02
8.490353254748859990e-03
5.742414003295233382e-02
2.560991621834718401e-01
1.018756914493210543e-03
2.821989845935775690e-02
5.641101211085193523e-02
3.040328643013630663e-02
1.248756156024884850e-02
1.147758040032302064e-02
1.080932540436485706e-01
1.853756653295386136e-01
6.122879782030635210e-02
1.238147825834838844e-01
9.830045542985811624e-02
1.393482834935528825e-01
3.103686448781334956e-02
1.436002752195824315e-02
1.453198010033169250e-02
4.992161654192340398e-02
8.724875116647342610e-01
5.728649740743122498e-01
2.655403808091367709e-02
7.694994716220583848e-03
1.009589633754862242e-01
2.084165138200084685e-02
1.728180077992901853e-01
1.666787400919710754e-02
3.564714375325036405e-02
1.456660437628183070e-02
2.080954366499978767e-02
3.309854089104086877e-02
1.574159944074016160e-02
1.406822696162136725e-02
3.578056989212187022e-03
2.482652988188007587e-02
1.787121422820880587e-02
1.649839466008045166e-02
9.498870773614987578e-03
6.854705170988777130e-02
8.804918690515831092e-02
5.396221412668540662e-02
8.851089174543201599e-02
8.372973932638973563e-03
1.653567609918973058e-01
8.975123413691886085e-03
9.195961109847552439e-01
7.846208023813476540e-02
3.781626752546504017e-02
1.337152076502155507e-01
4.453283904601573751e-01
1.093295258266903380e-02
5.056434694410844727e-02
2.101741260859595756e-02
3.179269962395319671e-01
5.071271167840754601e-02
9.766446864191747901e-01
3.219985137861749221e-03
3.161225917876997471e-01
7.414977508044029485e-04
1.797398840557001554e-01
6.902364160964926665e-01
5.222821907000397418e-02
1.137831063855217484e-01
6.643694636950814303e-02
4.898210827572437032e-02
8.125407507479079361e-02
4.294683028050277906e-02
2.760784816481539131e-02
3.019616225735046941e-02
3.255197765655578473e-02
1.091389441575484238e-02
6.108270309839938100e-02
6.663996495757079641e-01
4.413107474666321667e-02
3.641614927999903273e-02
4.445786364106302929e-02
3.535160088460949646e-01
9.523338288537483431e-02
3.601783706018638065e-02
8.936472123676618418e-03
3.230262015732777714e-01
2.005563529865505776e-03
2.641457134335780180e-02
3.532969797256456379e-02
8.742317504999740363e-01
1.437454255663609716e-02
4.744842060967484343e-02
5.872671935318515279e-01
1.856153175304363356e-02
1.228500252606271395e-02
4.975241946919474190e-01
1.595871405993872505e-01
4.913522906230735621e-02
9.446116171906090986e-03
2.294442558518102609e-02
1.622693465048856976e-01
6.991088906908222989e-02
5.747384521515826183e-02
1.272064798028808008e-01
5.907890133202908789e-02
2.689046037111784970e-02
9.544092817740672599e-03
8.837675237197221631e-03
5.130771828377353808e-03
7.043511886918722709e-02
1.010132663410138847e-02
3.404878713628815140e-02
3.492898111685834028e-02
6.161643056902382787e-01
8.009719177949405425e-03
7.197156471540511191e-02
1.752422548225600687e-02
2.015150305393943742e-02
1.207467362083371465e-01
9.723471745059768245e-03
1.343917789078012681e-01
4.963483105000876527e-01
1.639261466012354590e-02
1.983196719575471834e-01
8.631333879185355829e-02
8.831017613245424613e-02
1.751690679982392460e-02
4.690317536622963246e-01
1.015407602619911726e-02
3.670156097381310212e-01
4.438295650444472329e-02
1.247980314318410631e-02
3.435450069864537381e-02
7.152810816634502800e-02
3.386841135821579141e-02
6.835016445038467198e-03
6.223394899949590692e-03
8.209617405237429333e-01
1.281525780710466092e-02
1.102635271743577228e-01
1.889636687563076706e-02
1.596324417097759463e-02
8.520911033569050774e-02
3.114115614158826650e-01
3.532870386881795718e-03
3.380181294738183323e-02
8.543622393168346374e-01
3.354639639254507893e-02
2.604800466521924387e-02
9.512423439993691332e-01
1.022564741958666319e-02
6.220334013933958434e-02
5.630513181384308452e-02
4.636195731952169607e-02
1.317670548744364137e-02
7.763762822467336344e-02
9.962256507461288990e-01
4.976620826326024621e-02
2.322527446310421462e-01
1.853294381104220873e-02
6.262557986759672568e-01
4.996915175758550598e-01
7.995881416077679771e-02
6.804621945006579242e-01
2.632599936532591112e-02
1.941375685119680894e-01
2.790052453446165703e-01
4.148211612615936017e-02
2.318243593373076755e-02
2.578844034081312908e-01
1.331270621104667720e-02
2.920136460064266110e-02
2.414100534999698983e-02
2.702807322561305223e-02
6.780111201640202923e-02
2.588132797658105888e-01
2.148608314690064469e-01
7.669269938683277443e-01
8.492237860701468133e-02
2.904576433110309108e-01
5.029598655220163944e-02
1.821961811339076198e-01
4.376187637927329843e-02
5.311870112950770606e-01
3.259634361030390448e-02
1.076835837973314919e-01
1.714141581744712053e-02
1.077856872985672593e-02
3.951359864269458622e-01
9.507372793461975335e-02
1.915474432114231129e-01
1.700121573112382475e-02
1.488253951123653107e-01
6.249492815986605609e-02
4.385204560487473459e-03
3.438177688703408785e-01
2.670923165488630624e-01
1.142139146214449508e-01
9.241463415100372725e-01
3.331296521384390780e-02
7.157512667839130427e-02
1.561041421626169212e-01
1.410938464246980217e-01
2.905574424923976912e-02
5.534327096492015069e-02
3.451798420729909611e-02
9.630822277324840863e-02
5.564515526492047615e-02
7.743408665125321999e-01
2.571021998973358619e-02
2.248597698811148904e-01
2.614006912917386100e-02
1.110320413719176509e-02
6.799539617002675618e-02
5.412713781226834164e-02
1.365192727281388796e-01
2.488084317230534678e-02
1.983611745491353495e-01
4.008123971843644689e-02
9.861066859259326467e-02
7.168158434032689819e-01
3.555257079497650685e-01
7.574262955166081654e-03
9.147358435707313440e-01
7.734120277073359973e-02
4.202735737975045460e-02
8.705215483539754939e-02
1.722976570901920690e-01
1.783563279731433665e-02
6.198533340315956833e-03
1.310959426032282625e-02
1.257944310138425260e-02
3.450437969256516663e-02
1.228088395285526213e-01
1.928054563891910822e-02
6.577046729477302456e-02
3.714175121942107222e-02
2.493501249699694652e-02
7.291438521060304989e-01
2.400365553178719080e-01
3.633186737166872043e-02
5.339998243279759499e-02
1.980096382910604969e-01
5.604458673410555036e-01
1.688688701396839908e-01
3.931760090090535148e-02
7.219156159104328507e-02
1.030048668755866315e-01
2.452283955547183980e-02
9.649956496744391821e-01
5.699392918495171587e-03
8.079602986423650712e-01
5.024269163219831358e-02
1.675808313816004244e-02
1.022447362717571369e-02
2.996332070394669075e-02
1.352185853600612331e-01
5.813176869004482716e-02
6.230733515597582095e-02
2.371912115259245529e-02
4.678150321665645039e-01
1.875354374908939220e-02
3.020033063871766996e-02
3.338201208057142017e-02
5.227779869864119799e-01
2.673210428761854315e-02
3.477718683735470800e-02
9.572813226355368910e-01
2.794748415146819376e-02
3.148198079106400149e-01
1.720411253477433650e-02
5.521001835430225935e-01
5.398196227284044468e-01
1.107774452028367634e-01
4.991791503771968869e-02
3.871264289360045602e-02
2.916416358402222977e-02
1.640328384249531424e-01
2.784304384787781791e-02
5.770570568610079026e-02
3.786112549453267417e-02
6.422828248093583048e-02
4.962430198709152362e-01
6.119428806433595547e-01
8.703231356551918707e-02
1.856465629804243331e-02
2.968962089490188583e-01
6.828135082690175994e-02
3.969470738501071350e-01
4.732305122649241996e-02
7.794991436248448202e-02
6.981769880494093083e-02
3.988807542678791951e-02
3.656875608287394469e-02
7.713230115794478259e-01
8.233179630391891657e-02
3.697878785420327663e-02
7.609235721329188351e-02
3.851849073685006258e-02
1.776049759428689756e-02
3.010740401727211024e-01
6.408810486903650239e-02
1.974587721144687238e-02
1.037371852075631151e-01
5.087229449627044264e-01
7.567724562895622453e-01
4.043028988070456187e-01
6.632560658773596456e-03
3.147595569302824581e-02
1.301555920503266565e-02
1.597799369869192521e-01
1.755221837941143767e-02
9.247298810464628371e-02
3.515095653102215945e-01
9.570048740561460515e-03
1.001905363927644843e-01
2.404658421239024187e-03
1.743445518442527341e-03
6.530139650549646180e-02
7.642241185195823572e-02
1.802691925979636178e-01
5.279160212036765332e-01
5.939203715149654617e-01
3.301640895333765591e-02
1.004577804605353702e-01
1.125859176732779167e-02
3.573633813526955194e-01
1.414114635842749629e-02
1.937986877359721555e-02
3.165252688618457044e-02
2.352188851826905302e-03
5.010503363755342693e-02
1.862987547824478396e-01
2.005965815768040450e-02
3.277365812349172791e-01
5.319764668567625865e-01
1.535501495141326257e-02
8.738264825468879948e-01
8.096993603614558443e-01
1.494909799250033478e-01
4.734180922220514176e-02
2.396976170631171313e-02
1.166529527016148399e-01
7.492601201683436740e-02
1.148428143472607632e-01
1.081283720074445037e-01
1.602233416575897795e-01
2.846663097383080043e-02
1.794540555558820846e-02
5.444621596895739268e-02
4.238320738027318013e-02
2.607237440204365070e-02
1.189050534743783250e-01
1.762718539631444037e-01
4.805281668208120083e-01
8.671364123616157049e-02
1.552721603705317088e-01
1.256561178520651349e-02
3.046092689024956224e-01
2.590256160806053698e-02
9.943270323692646184e-03
3.302037618383433289e-03
1.716733006760216840e-01
7.974846894074221204e-01
2.416756313490791563e-01
4.220044443264427125e-02
3.078157509644754986e-02
1.849790313400699604e-01
4.401798543413278780e-02
3.260609513963108001e-03
5.797411199909084656e-03
7.607470884214338758e-02
1.111971819911228149e-01
1.706181564313536403e-01
2.538572265880887913e-01
2.953030249695483625e-02
1.090803083087549252e-01
9.842201642766369718e-02
2.985920635246992472e-01
5.521836403213082299e-03
2.246354974463059609e-02
9.354196980898055180e-01
2.024180388753035395e-02
2.705696473286761106e-01
4.695868367282636513e-02
1.347671970413331644e-01
2.312502577779114443e-02
7.398200790718927056e-02
6.489351882443530894e-02
8.420773827277057422e-02
9.580778286717442360e-02
4.859383054971870911e-03
1.649144183279658282e-01
4.242970040782275548e-02
2.055025301483354508e-02
1.856532404263738084e-02
1.450894244604277600e-02
3.235411048033470099e-02
4.147629895536881217e-01
7.780941773169393512e-03
1.338042305169490596e-02
3.514718507158966221e-02
7.599860884465700628e-02
5.852518619165479885e-01
2.296688978447996091e-02
1.681375365506091735e-01
1.524386838292965674e-01
7.812365127418305355e-02
8.547442356913560052e-03
6.826244625597081006e-01
9.027346921858722673e-02
3.439642049716317151e-01
7.734849730126506229e-01
1.069052005062707533e-01
9.922711988301269326e-02
2.190877501694672713e-01
4.689882863656061329e-02
2.547564353262835729e-02
2.048131206438990465e-02
1.756251520715837455e-01
4.561159501239006597e-02
3.560466273199159454e-02
1.882512792329188167e-01
1.028199372297509406e-01
6.766008337324863620e-02
6.842594242912498625e-01
6.254887312128505628e-02
9.272598443113691524e-03
5.459102893402573847e-02
5.655534432501051478e-01
1.397763934859083401e-01
6.103691380251237142e-01
1.182943576226823668e-01
1.162841781899987686e-02
4.420513375119808352e-02
1.316611648655145912e-02
3.695504308983946131e-03
7.826621407274206854e-01
5.283835993769483118e-03
3.035543082894896078e-02
8.550577004801480918e-02
2.868830630117748526e-01
3.911537539660996793e-02
1.713674808806427696e-01
4.439987375845177303e-02
7.730633724182152389e-03
2.416246981306822972e-01
1.606484216961849218e-02
1.008561570386792977e-01
2.420873055057200934e-02
7.494035192169173389e-03
1.349643074419922817e-01
1.777409896482942953e-01
1.272794699918983752e-01
1.362446366250542606e-01
1.570491238103624218e-02
1.034959745358293194e-02
1.291863555829067187e-02
7.060020947694878486e-03
2.992366497490638044e-02
3.914163867796681406e-02
2.314010907651111726e-01
2.904476675166487998e-01
1.989329511316619559e-01
5.811641148922007671e-01
8.343035489586141384e-01
4.567995053062238672e-03
4.334782099833101726e-02
1.075031183020432914e-02
4.167728615773028805e-02
7.357781055572600037e-02
4.968895413156709101e-02
2.767626692182972512e-02
5.692621061670077171e-02
7.289461002750998765e-03
8.260692966190340270e-02
2.002384945745937783e-01
2.819622130402282822e-02
1.043098534780528136e-02
6.752455165792929925e-01
4.806462460587505175e-02
7.321665816417480266e-02
3.072202115340311179e-02
4.175652455648685285e-02
1.443665205260005191e-01
1.543812997776340401e-01
4.236498006890738327e-02
9.047211898596077204e-03
6.443636343233646313e-01
7.739337096781451208e-02
1.299675294687324956e-01
4.151240452726582403e-02
1.517242535280413362e-01
5.512073036421154537e-01
4.843226914126488175e-02
1.051333760310869947e-01
1.415721026081857370e-03
1.406006694158078441e-01
3.980379942388294345e-02
3.264725788411508567e-02
2.961694969260170521e-02
1.110812124486384306e-02
5.700900802306814452e-02
3.036196722227355038e-02
4.087403362218117349e-03
1.527956333821121199e-02
3.761560640842180336e-01
2.815604067555589358e-03
8.453771129678305796e-02
5.753164837421727018e-01
2.615306831375699970e-01
4.278181035479369787e-02
6.270932867967746183e-02
4.352303471317901518e-01
3.639539510211172585e-02
1.268036875365866761e-02
2.345105696122145589e-01
7.457066020173530596e-02
2.940268640336518580e-02
6.990028804483809123e-03
6.807668335804505089e-03
3.012854261520862137e-02
2.483007258132732264e-01
2.595689413473296816e-03
5.856478792760775459e-03
1.767390264847052209e-02
6.603516019508245960e-02
2.371232195932270956e-02
3.746706328633089139e-02
5.862866854247889004e-02
5.492224959278955293e-02
5.541579691234698596e-02
2.248301307919335912e-01
6.571539605844534115e-01
6.542038357409855065e-01
6.010046134320634614e-02
4.270224189234463757e-02
4.771498987054861862e-02
8.949878589083049008e-01
8.763956214189435115e-03
5.351066259098379713e-03
2.583425592909655011e-01
1.199275115610738268e-01
8.513558206471594225e-03
5.702305761963270825e-02
2.820779516020393337e-03
5.769004954448602590e-02
6.184611932699451975e-01
8.159868711914970707e-02
1.691996043595652699e-01
1.598378697684693650e-01
3.188777580042175680e-02
2.508592723381925516e-01
4.785305488085696106e-03
1.781192523702849681e-02
1.979902287330180186e-02
2.975506323259896266e-02
4.009370341333567955e-02
1.076914086366515151e-02
3.807741000914525303e-02
1.356385320743557811e-02
5.592016935113912346e-02
4.945101548331336250e-02
2.011115946823494038e-02
1.790632553007698857e-01
6.268696093316451778e-02
1.240655606162189596e-02
3.199585062334939223e-02
1.122051525581909126e-01
6.184156460355797434e-03
5.836823253764469172e-03
1.468450023664755466e-01
8.879930226956303518e-02
5.304687678357092491e-03
2.453684939127404735e-02
2.013461417725322458e-02
2.604565283417369786e-02
8.535130600158032099e-02
1.603244513311627081e-02
9.347340559451194908e-02
3.933919875475190564e-02
7.313764028237154657e-02
9.849554420170218982e-01
5.860718797038610289e-02
2.212445370450756219e-02
2.582301764053469006e-01
3.242531489591610194e-01
4.551217078718319126e-02
8.513109945448076032e-02
2.767706752889562746e-03
3.798810967764801871e-01
4.521043291523888993e-03
7.498369875942127380e-03
3.211683941832455674e-02
4.165265452161103638e-02
2.066807789383205696e-02
2.890071757219006901e-02
1.373915907627215778e-02
1.784583838100349817e-01
5.123241821180130051e-02
1.915365628677973345e-02
1.222748397923347635e-02
3.215434765754701055e-03
1.912578050099613541e-02
5.128433023287885112e-02
9.864566771615259633e-01
2.156310983785072188e-01
2.778555594713634780e-01
1.046448282019007969e-01
1.303239393220089956e-02
1.170431675415240652e-02
2.578015343437601442e-02
2.133874287686309337e-02
7.778751457218324727e-02
7.598438306962459476e-01
1.457173575689257317e-01
3.356765211533682680e-02
8.058141926464734706e-02
2.527168550615116471e-02
5.347096736355199526e-02
1.016112678674005280e-02
8.301868400861200578e-03
9.666631755723806632e-03
3.344953032791615766e-02
6.868591565792429854e-02
4.721142024967853526e-03
4.611708854496159860e-01
4.769173765100059859e-02
1.145804537115900912e-01
1.302776151392527892e-01
4.544070149342069841e-03
1.273320401584022432e-01
