9.999459516054626240e-01
9.999277089863021217e-01
9.998582854640803985e-01
9.998236021639739235e-01
9.997877904371560431e-01
9.997231864280493596e-01
9.996909948663866841e-01
9.996843682222712468e-01
9.996371888113767534e-01
9.995484671430430179e-01
9.995149188846785826e-01
9.995076740504932333e-01
9.994989166378740464e-01
9.994541060836172885e-01
9.994141873451233282e-01
9.993732062925123616e-01
9.993237933327072664e-01
9.992834147161475666e-01
9.992509276635488380e-01
9.992294678248661022e-01
9.992235367615107666e-01
9.992010133743932654e-01
9.991992432767107246e-01
9.991809044050187216e-01
9.991578382615187159e-01
9.991430788727811985e-01
9.990707533763120152e-01
9.990665434324933480e-01
9.990549798891071864e-01
9.990144941665406453e-01
9.990089800365796746e-01
9.989947461606912826e-01
9.989772534621197408e-01
9.989737521114908647e-01
9.989668029384716208e-01
9.988926248573566369e-01
9.988687990748418288e-01
9.988595555882036070e-01
9.988513921665074236e-01
9.988430395131513428e-01
9.988392711994176221e-01
9.988260375582587169e-01
9.988023712170323032e-01
9.987965856052201108e-01
9.987879698750226076e-01
9.987685824908384413e-01
9.987507618029262124e-01
9.987096547405746039e-01
9.986853493873130150e-01
9.986821624595788593e-01
9.986789497139808569e-01
9.986701383263222320e-01
9.986644036922226464e-01
9.986505629874103951e-01
9.986442429680351118e-01
9.986421627012810331e-01
9.986288119648656370e-01
9.986279490325135066e-01
9.985886113508538608e-01
9.985744539170933187e-01
9.985627974137636365e-01
9.985323487086432692e-01
9.985310571231069687e-01
9.985233846612515674e-01
9.984337965504858081e-01
9.984261559859772817e-01
9.984155441465790704e-01
9.983923962340460756e-01
9.983646358762461315e-01
9.983209262981881382e-01
9.982563124665264631e-01
9.982246984975554627e-01
9.981938894556265929e-01
9.981481335231922047e-01
9.981385301681843236e-01
9.981074645824643543e-01
9.980979030661760731e-01
9.980902174679662231e-01
9.980771012940478082e-01
9.980511573737295139e-01
9.980479701711667539e-01
9.980416536096595737e-01
9.980269327602866447e-01
9.980065025810693768e-01
9.979726572242446636e-01
9.979549850426414626e-01
9.979356330499973282e-01
9.978944074516717944e-01
9.978922454179109947e-01
9.978808366551965570e-01
9.978768261187020983e-01
9.978719289307734774e-01
9.978690581895358624e-01
9.978397780245290560e-01
9.978367431094591344e-01
9.978263280613804964e-01
9.977712937416715056e-01
9.977510481723297353e-01
9.977360521244205138e-01
9.977338902761083705e-01
9.977065629539995095e-01
9.976902508412021087e-01
9.976896167867878029e-01
9.976779456038860072e-01
9.976527976121134511e-01
9.976504536121088007e-01
9.976242570808526722e-01
9.975968557517158608e-01
9.975923982337470131e-01
9.975840780819942299e-01
9.975818730959034042e-01
9.975745100131716558e-01
9.975719391701809435e-01
9.975176140152443027e-01
9.975080379419780652e-01
9.974916852567510261e-01
9.974864568675612109e-01
9.974860007620540703e-01
9.974614300898688724e-01
9.974211463691764479e-01
9.974071612731009173e-01
9.974031188239202983e-01
9.974012946027328574e-01
9.973881331839908881e-01
9.973740828446682194e-01
9.972977767356655532e-01
9.972975984867650245e-01
9.972939176859172417e-01
9.972907410504350256e-01
9.972784434496446693e-01
9.972760545143233291e-01
9.972746334807000013e-01
9.972645686560298595e-01
9.972522836263755242e-01
9.972407459854950584e-01
9.972360987945350086e-01
9.972298144002927911e-01
9.972278512584034083e-01
9.972034411812376042e-01
9.971989625914438049e-01
9.971920217160749056e-01
9.971917257770805953e-01
9.971680771374769048e-01
9.971588154767916379e-01
9.971188038196155956e-01
9.970864437054567375e-01
9.970819172363208915e-01
9.970777095145394453e-01
9.970734449306378755e-01
9.970573718246648065e-01
9.970522693180400298e-01
9.970446969335963194e-01
9.970350528483910013e-01
9.970029861975471253e-01
9.969883608645806472e-01
9.969811040076959063e-01
9.969719386723218113e-01
9.969529416392183263e-01
9.969524005077055051e-01
9.969455796822848104e-01
9.968882719050399244e-01
9.968872627341904824e-01
9.968612060011837750e-01
9.968507259058878578e-01
9.968457186184384033e-01
9.968314183072499723e-01
9.968162900177335306e-01
9.968110694519062287e-01
9.968084692989780393e-01
9.968013227422475309e-01
9.967970364404274974e-01
9.967917905521174182e-01
9.967733451502280850e-01
9.967293858431955922e-01
9.967213962602212707e-01
9.967179116746091028e-01
9.967082779299086814e-01
9.967006717708186692e-01
9.966911103485531775e-01
9.966750970080766603e-01
9.966624185194900010e-01
9.966590842335284472e-01
9.966430823453339416e-01
9.966257970041130232e-01
9.966096379382387571e-01
9.965865502006401311e-01
9.965819416809985620e-01
9.965817419139988420e-01
9.965710846397823897e-01
9.965665471494500327e-01
9.965647236390324792e-01
9.965471862042538653e-01
9.965367262997678610e-01
9.965268192287995985e-01
9.965257231240524094e-01
9.965113776874724438e-01
9.964997498526273478e-01
9.964924889146955511e-01
9.964792888278157790e-01
9.964764962849963492e-01
9.964704752772383101e-01
9.964211644921595612e-01
9.964130178039819485e-01
9.964025487193457487e-01
9.963773904709894991e-01
9.963705322049327684e-01
9.963626117500717916e-01
9.963487466809578530e-01
9.963481012438787365e-01
9.963374611972017902e-01
9.963348982505620954e-01
9.963287275411846222e-01
9.963097144488335388e-01
9.963074822250371776e-01
9.963061298039720404e-01
9.962679061460336660e-01
9.962578752775600455e-01
9.962447065039078398e-01
9.962256507461288990e-01
9.962199984790387486e-01
9.962176097662902574e-01
9.961976692302718650e-01
9.961784315345924012e-01
9.961768997897444411e-01
9.961749006942681728e-01
9.961705831320105675e-01
9.961507216047014168e-01
9.961414816965404873e-01
9.961277048604888495e-01
9.961227712706897108e-01
9.960877480896375147e-01
9.960635505822685865e-01
9.960149987385291670e-01
9.960147457560442064e-01
9.959966891849069137e-01
9.959818747446621545e-01
9.959812510090009230e-01
9.959508554503649913e-01
9.959431194808897603e-01
9.959312949000372894e-01
9.959293171194981698e-01
9.959272876894068594e-01
9.959257687333448184e-01
9.959226433876030571e-01
9.959208640525478717e-01
9.958741721941289926e-01
9.958726374007292881e-01
9.958577369616041786e-01
9.958517551269958634e-01
9.958503153302651345e-01
9.958274444907027068e-01
9.958232076545276978e-01
9.958190312833373747e-01
9.958095503356364508e-01
9.958056611652353896e-01
9.958050716116210177e-01
9.958041423449955909e-01
9.957900106848415200e-01
9.957588632420609764e-01
9.957564450800969746e-01
9.957447460776244208e-01
9.957267808422033406e-01
9.957194805534417270e-01
9.957122148509958137e-01
9.957109487024610184e-01
9.957095420536022923e-01
9.957025931030752952e-01
9.957017593743616724e-01
9.956956449129362730e-01
9.956894014206780774e-01
9.956828569616252844e-01
9.956217456222425932e-01
9.956150797466825075e-01
9.955956318504731728e-01
9.955744973979038237e-01
9.955568505317134997e-01
9.955526422422823485e-01
9.955497696595205781e-01
9.955359479424048530e-01
9.955323257074886190e-01
9.955220435072503760e-01
9.955088451833945529e-01
9.954986886456076434e-01
9.954813810756234504e-01
9.954636423346010510e-01
9.954622941313593376e-01
9.954526705252298990e-01
9.954480182804789079e-01
9.954454826232939091e-01
9.954350980697703744e-01
9.954179198204178292e-01
9.954154643582472373e-01
9.954124601669873673e-01
9.953969440341589037e-01
9.953955662544746730e-01
9.953939331606603824e-01
9.953909884089077176e-01
9.953820932408981026e-01
9.953775288448383218e-01
9.953758171687214773e-01
9.953669980613232271e-01
9.953511803475511011e-01
9.953496441318555599e-01
9.953443872677902871e-01
9.953374148117853926e-01
9.953222232307380457e-01
9.953165880556873457e-01
9.952991658690071297e-01
9.952972390779413203e-01
9.952423525683757877e-01
9.952386016641887601e-01
9.952262424715052624e-01
9.952187907014703461e-01
9.952078102742478727e-01
9.951883593043331366e-01
9.951868896290666511e-01
9.951821330215916417e-01
9.951717761054295064e-01
9.951646216396459188e-01
9.951572218312034757e-01
9.951533431409429475e-01
9.951490213666112084e-01
9.951183055970005409e-01
9.951050302810466874e-01
9.951021588664734630e-01
9.950971046816502463e-01
9.950956906809804714e-01
9.950950832481365582e-01
9.950894012358594276e-01
9.950854539161438916e-01
9.950698909454207541e-01
9.950612093225157384e-01
9.950426979825741647e-01
9.950343640279436519e-01
9.950208832379049406e-01
9.950127831482509233e-01
9.950120752949072056e-01
9.950089287120890136e-01
9.950085047141962180e-01
9.950048672914453274e-01
9.949676253588984887e-01
9.949573430230072013e-01
9.949399120208854974e-01
9.949387708429785482e-01
9.949279374753330352e-01
9.949220402745858616e-01
9.949038352070127544e-01
9.949014256736603556e-01
9.948686166537890063e-01
9.948680899889100759e-01
9.948620216310382069e-01
9.948553686689545206e-01
9.948541069260932179e-01
9.948449421191009057e-01
9.948417873834970448e-01
9.948382712672736439e-01
9.948379253911560083e-01
9.948036553003555271e-01
9.947955567028120560e-01
9.947890230994608229e-01
9.947873935283509939e-01
9.947828803245006846e-01
9.947779933324952806e-01
9.947723826784862222e-01
9.947699675802174069e-01
9.947580949025659480e-01
9.947558839729514490e-01
9.947495219710809078e-01
9.947261353110821158e-01
9.947168325777695497e-01
9.947023428093499930e-01
9.946985807928372392e-01
9.946916954663417298e-01
9.946786025484195548e-01
9.946699569337501545e-01
9.946513214588790230e-01
9.946475762829006806e-01
9.946313632540574323e-01
9.946306416518430060e-01
9.946261248725909443e-01
9.946072838341430966e-01
9.946018853453956199e-01
9.945872114721932000e-01
9.945823735709314883e-01
9.945749073415161012e-01
9.945678468637288994e-01
9.945500488070393441e-01
9.945385851501977736e-01
9.945382859894317251e-01
9.945359508095765744e-01
9.945304623825855783e-01
9.945219711219203118e-01
9.945189224733936850e-01
9.944966872923572954e-01
9.944938343543922032e-01
9.944788860365741945e-01
9.944547777262614519e-01
9.944215674725396248e-01
9.944114806673732820e-01
9.943893614413182869e-01
9.943713207669138132e-01
9.943678680346332843e-01
9.943489044251890840e-01
9.943442445054857526e-01
9.943045901482199245e-01
9.943024989270413672e-01
9.942872493504203435e-01
9.942849061418830292e-01
9.942427457255392786e-01
9.942300721728789537e-01
9.942232968798868642e-01
9.942183075636290557e-01
9.941997955388157671e-01
9.941887338930954776e-01
9.941789359825163874e-01
9.941649128522638268e-01
9.941337488574106818e-01
9.941282660466747023e-01
9.941218557405984146e-01
9.941160737653259583e-01
9.941017747688365436e-01
9.941009080627198902e-01
9.941007130750222354e-01
9.940995035346703590e-01
9.940829493589327104e-01
9.940707837339187725e-01
9.940630327619455198e-01
9.940336207639262067e-01
9.940212288950333042e-01
9.939951190059921338e-01
9.939613943890075465e-01
9.939432731153602374e-01
9.939405643970143922e-01
9.938960740852246234e-01
9.938886000529622011e-01
9.938392641623131629e-01
9.938172639198791236e-01
9.938115932698329269e-01
9.938047036806616497e-01
9.938043212250833314e-01
9.937958726016549171e-01
9.937942898685306892e-01
9.937705867239895463e-01
9.937652340103327875e-01
9.937448990856875275e-01
9.937363247496093788e-01
9.937191771475121227e-01
9.937133496885042216e-01
9.937130378930278951e-01
9.937072475410935191e-01
9.937051070236124772e-01
9.937006983194910381e-01
9.936986406693143481e-01
9.936864446633325576e-01
9.936590537695223491e-01
9.936573890135564913e-01
9.936496027308917567e-01
9.936449783451125617e-01
9.936253837221715735e-01
9.936169983539505646e-01
9.936165613490969273e-01
9.936129240687846531e-01
9.936075780389060919e-01
9.935797877142317214e-01
9.935536070109802775e-01
9.935457759569453762e-01
9.935377617814038498e-01
9.935311649750659946e-01
9.935279242491635854e-01
9.935078444486089566e-01
9.935070004220404316e-01
9.934938975926316251e-01
9.934869742560374917e-01
9.934817053152946720e-01
9.934814079111835561e-01
9.934725181365445801e-01
9.934683576098934932e-01
9.934497772649093505e-01
9.934401480350234515e-01
9.934366156597341790e-01
9.933889029917497560e-01
9.933783960785917966e-01
9.933752627364107468e-01
9.933545262433501888e-01
9.933397240411573348e-01
9.933112729894548742e-01
9.933099113438021988e-01
9.933088513258309105e-01
9.933086931907706418e-01
9.932767400413129444e-01
9.932757560273847153e-01
9.932708473376012925e-01
9.932607893112482822e-01
9.932605466333840338e-01
9.932514428274553664e-01
9.932426936057099365e-01
9.932397304255941028e-01
9.932350132649641061e-01
9.932047358972294626e-01
9.931948297769100931e-01
9.931876978774569764e-01
9.931846256502215864e-01
9.931819355316204856e-01
9.931697912490633495e-01
9.931543798884776564e-01
9.931514795698488385e-01
9.931466570036782127e-01
9.931465036303902538e-01
9.931294178787729576e-01
9.931269338406205627e-01
9.931260463420058526e-01
9.931134156783421041e-01
9.931087365282041945e-01
9.930912131309040936e-01
9.930868764115121650e-01
9.930764143293555613e-01
9.930675138217083253e-01
9.930553034206293095e-01
9.930488947826106028e-01
9.930454553082617153e-01
9.930296516668836171e-01
9.930260843801740345e-01
9.930188070828349645e-01
9.930178521263722802e-01
9.930114643724636814e-01
9.930094580259440917e-01
9.930068270732066438e-01
9.929983520134862962e-01
9.929765965496527569e-01
9.929617771537363469e-01
9.929610087483328185e-01
9.929511283391980747e-01
9.929374604647993596e-01
9.929328790704490260e-01
9.929201849534440294e-01
9.929136828682758598e-01
9.929016981203967473e-01
9.928885231839614800e-01
9.928883936510582986e-01
9.928852468548851062e-01
9.928747630038754490e-01
9.928463674481652346e-01
9.928421202538699752e-01
9.928237023809882711e-01
9.928158540544225197e-01
9.928044757999890946e-01
9.927919992599731902e-01
9.927857386449653321e-01
9.927845636309396982e-01
9.927785781351979866e-01
9.927494914754545485e-01
9.927465559846457843e-01
9.927328732364311126e-01
9.927294760231344384e-01
9.927094324144631887e-01
9.927003411428655388e-01
9.926771389813171531e-01
9.926726688178580948e-01
9.926637237984089479e-01
9.926418595768735642e-01
9.926095261028025085e-01
9.926025602032989559e-01
9.926010871962167581e-01
9.925643843770752817e-01
9.925577783817360888e-01
9.925169002210961766e-01
9.925136668283855990e-01
9.924927802501968266e-01
9.924679982999605743e-01
9.924664028207871302e-01
9.924417234623664763e-01
9.924386719276624413e-01
9.923975740481736363e-01
9.923971051464886006e-01
9.923867887387352038e-01
9.923750856183188862e-01
9.923379667765426237e-01
9.923155873818868544e-01
9.923110388029365847e-01
9.923085113229169751e-01
9.922993205577085307e-01
9.922859239269827825e-01
9.922857399043764071e-01
9.922820095150396424e-01
9.922599016934522398e-01
9.922541652015506308e-01
9.922502665134699251e-01
9.922319940353152568e-01
9.922100896141147208e-01
9.921988624372877208e-01
9.921767857873051710e-01
9.921758283708446147e-01
9.921743387816879256e-01
9.921614897875602468e-01
9.921291607575498661e-01
9.921088612570484466e-01
9.920945011430011284e-01
9.920630969040342695e-01
9.920509992574889635e-01
9.920441552990338918e-01
9.920416448469652204e-01
9.920037384637725442e-01
9.919997461906193692e-01
9.919973981012516484e-01
9.919950077389660947e-01
9.919929977503015861e-01
9.919895762086460289e-01
9.919865128214915284e-01
9.919749458661684116e-01
9.919608296954017801e-01
9.919432438040401978e-01
9.919361296898236979e-01
9.919256528327692335e-01
9.919237495016185457e-01
9.919138710759611843e-01
9.918997364337851508e-01
9.918849676713161756e-01
9.918645716641301124e-01
9.918569622522640516e-01
9.918134883890468156e-01
9.918045748449784149e-01
9.917915543498954101e-01
9.917825996421913981e-01
9.917715956194367299e-01
9.917592827758634488e-01
9.917564246051044918e-01
9.917547674508653266e-01
9.917464768923945906e-01
9.917345139809887744e-01
9.917295377610517715e-01
9.917266261505347513e-01
9.917220574911238540e-01
9.916938926001038768e-01
9.916709737012425752e-01
9.916602362230803047e-01
9.916503214601692928e-01
9.916500575067209722e-01
9.916430812311587406e-01
9.916216918980736983e-01
9.915909614211780854e-01
9.915688726788179919e-01
9.915661420343279131e-01
9.915628807513524601e-01
9.915129956005331868e-01
9.914915741880160338e-01
9.914793332978311113e-01
9.914755334377645113e-01
9.914534224824230746e-01
9.914487713415499615e-01
9.914486535127013944e-01
9.914431451464357226e-01
9.914402535217770041e-01
9.914195865810130348e-01
9.914144877025172775e-01
9.914104575547861842e-01
9.913957006784767101e-01
9.913737626681642379e-01
9.913679535523614028e-01
9.913608138262050007e-01
9.913385784111028443e-01
9.913375494983474034e-01
9.913306374674051291e-01
9.913239197727850005e-01
9.913238185243208322e-01
9.913197694783800751e-01
9.913054618316684552e-01
9.912989131968887868e-01
9.912822132530161312e-01
9.912302426838196512e-01
9.912195943828820965e-01
9.912155897088009704e-01
9.911884329825793039e-01
9.911836913444797004e-01
9.911473359708312669e-01
9.911396803777390296e-01
9.910898640528936765e-01
9.910829494265589457e-01
9.910678166032766967e-01
9.910483466114689000e-01
9.910448337388696460e-01
9.910429392428298234e-01
9.910304042624681342e-01
9.910266871611356221e-01
9.910221692231788726e-01
9.910195069213548758e-01
9.910156291370616488e-01
9.910106807824538011e-01
9.909999097377032440e-01
9.909853549147336071e-01
9.909602565925991202e-01
9.909508341128601128e-01
9.909287780011377667e-01
9.909206950974238648e-01
9.908954319584966086e-01
9.908709130611949023e-01
9.908693155763838023e-01
9.908624256369693573e-01
9.908515907489261476e-01
9.908491149928723152e-01
9.908446459283983820e-01
9.908391579423757589e-01
9.908268629722198906e-01
9.908043405894618738e-01
9.908007893649181108e-01
9.907950572679359302e-01
9.907856717392676815e-01
9.907577007564116744e-01
9.907573340335711354e-01
9.907388152036413764e-01
9.907131499155394927e-01
9.907024938772354128e-01
9.906765751125147235e-01
9.906737557810453287e-01
9.906619052987741814e-01
9.906526383614737696e-01
9.906462377158037347e-01
9.906448869619011166e-01
9.906127446886276999e-01
9.905833775566164068e-01
9.905344884407850659e-01
9.905313759389287043e-01
9.905239847537415931e-01
9.904822627830476289e-01
9.904614235742738027e-01
9.904578582042715684e-01
9.904554588250777947e-01
9.904434954579454109e-01
9.904269011467798922e-01
9.903727149596852630e-01
9.903677054800384960e-01
9.903414183597334386e-01
9.903167470204118361e-01
9.903120134392235929e-01
9.903100778953434213e-01
9.902845788962396645e-01
9.902808559695793766e-01
9.902781036439491924e-01
9.902737887645615134e-01
9.902625281750283559e-01
9.902623307631993610e-01
9.902601870003552298e-01
9.902538512593370701e-01
9.902414356111848281e-01
9.902398160048841991e-01
9.902311630758652283e-01
9.902251384050941851e-01
9.902238163677966609e-01
9.902219795892955867e-01
9.902214601251578818e-01
9.902039158207951441e-01
9.901901434306391581e-01
9.901863335363588758e-01
9.901832491845019568e-01
9.901815063081894630e-01
9.901535215120984557e-01
9.901497634217347743e-01
9.901347206641053500e-01
9.901335228085289542e-01
9.901286797095060210e-01
9.901231438184637801e-01
9.901221132767928923e-01
9.901088799571825527e-01
9.900993544096915455e-01
9.900785704981819313e-01
9.900705550934831845e-01
9.900560075083035816e-01
9.900507895636792011e-01
9.900230799474006860e-01
9.900180896939111408e-01
9.899997157245844503e-01
9.899823917142045460e-01
9.899822196406639074e-01
9.899812690563811746e-01
9.899677774283379694e-01
9.899660986236412663e-01
9.899522138088663326e-01
9.899506265453253961e-01
9.899406858432385770e-01
9.899364411516160533e-01
9.899095735248139016e-01
9.898584796654273932e-01
9.898502727176975435e-01
9.898332413229810056e-01
9.898310357920920843e-01
9.898052508576109521e-01
9.897987551650188065e-01
9.897902563572698043e-01
9.897536064398414490e-01
9.897332741866525785e-01
9.897290137971721524e-01
9.897188676845594113e-01
9.897160277390578687e-01
9.897040805350533210e-01
9.897015090630659762e-01
9.896915508509107617e-01
9.896873985660291639e-01
9.896774584480187986e-01
9.896632432344568686e-01
9.896575625304664392e-01
9.896077488484787965e-01
9.896056637785590748e-01
9.896032336004109142e-01
9.896010188839290400e-01
9.895535675007476328e-01
9.895235878897740145e-01
9.895213512286138435e-01
9.895067236072998540e-01
9.895054289824904981e-01
9.894966669054897634e-01
9.894946857380250149e-01
9.894828896827257969e-01
9.894791559650247814e-01
9.894700144797340391e-01
9.894571687437364593e-01
9.894424481281521855e-01
9.894287717105003654e-01
9.894069634599079732e-01
9.894019516048836449e-01
9.893589634093116203e-01
9.893523543980240476e-01
9.893299045795306279e-01
9.893081832243463269e-01
9.893018954494761097e-01
9.892945871986265072e-01
9.892944314469098721e-01
9.892928532065399239e-01
9.892750421729537003e-01
9.892750164786214828e-01
9.892669546304954098e-01
9.892497637934347665e-01
9.892427776593383237e-01
9.892284247874219005e-01
9.892162573882294918e-01
9.892144826203723706e-01
9.891894508979817147e-01
9.891799552779185767e-01
9.891724948803549688e-01
9.891722967152406509e-01
9.891681042804360002e-01
9.891627715907849172e-01
9.891477507592806306e-01
9.891470979075431824e-01
9.891452256186188396e-01
9.891184845821244798e-01
9.890734189675646215e-01
9.890629413291796013e-01
9.890435898316156660e-01
9.890383877010188174e-01
9.889911258739877420e-01
9.889862685069807924e-01
9.889726878783399178e-01
9.889645646612498231e-01
9.889364305976084957e-01
9.889215350156118634e-01
9.889149676342736672e-01
9.889009769188636945e-01
9.888982995576151014e-01
9.888957179118065266e-01
9.888766412105246539e-01
9.888678787220339661e-01
9.888427931567306262e-01
9.888352458456950433e-01
9.888246534939556520e-01
9.887574251757671462e-01
9.887111033748110511e-01
9.886818928069469603e-01
9.886505772421010363e-01
9.886084589591966898e-01
9.885962541197340636e-01
9.885924075777609010e-01
9.885863635735746557e-01
9.885714695469625113e-01
9.885510825503914800e-01
9.885462956316253269e-01
9.885424835337232041e-01
9.885189154569457015e-01
9.885073410737178490e-01
9.885060540603211043e-01
9.885044788895437362e-01
9.885000851537227851e-01
9.884920105487651210e-01
9.884794906614787768e-01
9.884526834867969347e-01
9.884369283097300674e-01
9.884325931307197388e-01
9.884216048707216151e-01
9.884149398993233859e-01
9.884079149497768668e-01
9.883957352637507965e-01
9.883922382211457469e-01
9.883792590194347971e-01
9.883433943749050377e-01
9.883417431237533357e-01
9.883366881942271531e-01
9.883361213271464329e-01
9.883310991950914337e-01
9.883206396023286322e-01
9.883135580426757327e-01
9.883050885756066162e-01
9.883040429817421257e-01
9.882893700727944930e-01
9.882833754682344152e-01
9.882705323645284423e-01
9.882702062054937731e-01
9.882676805390480101e-01
9.882029325482137860e-01
9.881899167800113348e-01
9.881836340754137638e-01
9.881581975861879474e-01
9.881511426170910273e-01
9.881420857409569658e-01
9.881320226378410565e-01
9.881221668604460717e-01
9.881155574804131314e-01
9.881085796916178055e-01
9.880995596810032700e-01
9.880790874921190348e-01
9.880731923989374277e-01
9.880673787563797328e-01
9.880651191837872549e-01
9.880646469106239005e-01
9.880588366547345958e-01
9.880438226519407952e-01
9.880423747253463951e-01
9.880409490159278718e-01
9.880118472351842041e-01
9.879897579402219243e-01
9.879744285431968365e-01
9.879683719742605730e-01
9.879464719523447513e-01
9.879406564248849332e-01
9.879140362636429362e-01
9.879031532870169441e-01
9.879009538948263502e-01
9.878932929047429257e-01
9.878726040252930884e-01
9.878723031237933716e-01
9.878565435780720660e-01
9.878391684633139880e-01
9.878373178595205584e-01
9.878155745009140620e-01
9.877901681877919726e-01
9.877770116023152358e-01
9.877644185543437150e-01
9.877594361501608189e-01
9.877571982057340438e-01
9.877563959824361417e-01
9.877550953520756183e-01
9.877381159258921128e-01
9.877193578164540355e-01
9.877093512202689274e-01
9.876960603286303320e-01
9.876819337440426727e-01
9.876779526657266661e-01
9.876749868444708591e-01
9.876731462349579438e-01
9.876637580950884399e-01
9.876490413836223059e-01
9.876480734277450768e-01
9.876410945800973007e-01
9.876315527304112551e-01
9.876123830123492153e-01
9.876107569306988854e-01
9.876059252649147524e-01
9.875941000904131517e-01
9.875759415549595355e-01
9.875617336774061839e-01
9.875504236857031160e-01
9.875416016275213593e-01
9.875378307960003266e-01
9.875331953444548283e-01
9.875060429384681093e-01
9.874957597852129787e-01
9.874913590845433298e-01
9.874741886627049769e-01
9.874608834583173955e-01
9.874485047222608669e-01
9.874263866649586330e-01
9.874215548173967960e-01
9.874167647035014816e-01
9.874144853216557660e-01
9.873782772250671025e-01
9.873567302782009225e-01
9.873380459228788819e-01
9.873224678219114647e-01
9.872732981030353239e-01
9.872657123505700349e-01
9.872646553607719033e-01
9.872505728738741881e-01
9.872449009521054863e-01
9.872405218580699859e-01
9.872250042791398394e-01
9.872133157793309133e-01
9.872115214294376884e-01
9.871882594981262748e-01
9.871853056789247072e-01
9.871842776408951137e-01
9.871418287264853708e-01
9.871230289869911134e-01
9.871157255430552668e-01
